1 135
1 202
2 1
2 8
2 17
2 102
2 103
2 109
2 114
2 116
2 117
2 125
2 128
2 130
2 131
2 132
2 136
2 137
2 139
2 141
2 142
2 143
2 194
2 196
2 215
2 242
3 1
3 5
3 8
3 13
3 17
3 21
3 22
3 64
3 68
3 73
3 85
3 88
3 90
3 99
3 100
3 102
3 110
3 112
3 115
3 119
3 122
3 126
3 130
3 171
3 173
3 185
3 194
3 195
3 202
3 204
3 205
3 208
3 213
3 221
3 225
3 226
3 227
3 240
3 249
3 256
3 258
4 1
4 6
4 8
4 9
4 12
4 13
4 15
4 28
4 32
4 51
4 59
4 63
4 64
4 66
4 83
4 87
4 91
4 92
4 93
4 94
4 99
4 102
4 107
4 109
4 112
4 115
4 126
4 138
4 173
4 214
4 217
4 225
4 240
5 1
5 3
5 9
5 10
5 15
5 16
5 19
5 32
5 42
5 53
5 54
5 68
5 72
5 77
5 83
5 85
5 88
5 91
5 93
5 100
5 103
5 109
5 110
5 120
5 126
5 138
5 150
5 173
5 188
5 204
5 205
5 208
5 214
5 225
5 227
6 1
6 9
6 10
6 60
6 71
6 104
6 128
6 202
7 1
7 8
7 14
7 31
7 35
7 44
7 48
7 49
7 53
7 60
7 74
7 75
7 76
7 78
7 92
7 100
7 104
7 106
7 108
7 109
7 110
7 111
7 112
7 136
7 138
7 202
7 210
8 1
8 2
8 10
8 32
8 59
8 60
8 61
8 83
8 91
8 92
8 100
8 108
8 131
8 135
9 1
9 3
9 6
9 64
9 66
9 68
9 124
9 194
9 196
9 204
10 1
10 53
10 64
10 68
10 106
10 112
10 194
10 196
11 2
11 6
11 116
11 125
11 127
11 136
11 137
11 139
11 209
12 6
12 15
12 55
12 66
12 101
12 104
12 138
13 2
13 3
13 4
13 6
13 12
13 15
13 17
13 21
13 22
13 64
13 68
13 86
13 87
13 92
13 94
13 96
13 112
13 117
13 118
13 120
13 126
13 130
13 131
13 132
13 133
13 138
13 139
13 171
13 173
13 185
13 194
13 195
13 202
13 204
13 212
13 225
13 227
13 240
13 242
13 248
13 256
13 257
13 258
13 259
13 262
14 6
14 11
14 12
14 15
14 35
14 48
14 49
14 54
14 60
14 64
14 66
14 71
14 74
14 75
14 76
14 78
14 101
14 103
14 104
14 115
14 117
14 121
14 138
14 139
14 202
14 210
15 6
15 9
15 11
15 12
15 19
15 54
15 55
15 60
15 61
15 72
15 77
15 91
15 115
15 128
15 133
15 135
15 194
16 19
16 60
16 91
16 217
17 13
17 16
17 242
18 16
18 19
18 20
18 43
18 54
18 71
19 16
19 64
19 72
19 73
20 16
20 17
20 60
20 63
20 71
20 101
21 16
21 20
21 28
21 59
21 63
21 66
21 69
21 72
21 122
22 16
22 28
22 33
22 53
22 56
22 58
22 59
22 69
22 70
22 72
22 84
22 122
22 240
23 16
23 17
23 18
23 20
23 27
23 41
23 43
23 55
23 57
23 60
23 71
23 72
23 102
23 117
24 7
24 14
24 16
24 18
24 19
24 42
24 44
24 47
24 49
24 51
24 54
24 59
24 69
24 76
24 83
24 91
24 92
24 210
24 241
25 10
25 16
25 59
25 64
25 242
26 7
26 16
26 84
26 94
26 210
27 16
27 71
28 7
28 32
28 60
28 91
28 241
29 28
29 111
29 135
29 151
30 28
30 31
30 32
30 33
30 43
30 92
31 28
31 30
31 33
32 28
32 48
32 59
32 67
32 68
32 91
32 122
32 212
33 28
33 31
33 53
33 60
33 67
34 28
34 30
34 31
34 33
34 39
34 43
34 46
34 53
34 58
34 60
34 62
34 107
34 206
35 7
35 14
35 28
35 64
35 78
36 7
36 14
36 19
36 28
36 30
36 32
36 44
36 48
36 51
36 56
36 57
36 77
36 78
36 84
36 92
36 217
37 9
37 28
37 69
37 72
37 94
37 237
37 242
38 28
38 35
38 53
38 70
38 214
39 28
39 31
39 67
40 28
40 60
40 93
40 128
40 135
40 146
40 149
40 150
40 151
40 226
41 42
41 43
41 55
41 57
41 72
42 18
42 41
42 63
42 64
42 72
42 84
43 41
43 78
43 126
43 138
43 172
43 173
43 185
43 186
43 207
43 218
44 7
44 14
44 19
44 33
44 35
44 36
44 39
44 41
44 42
44 51
44 72
44 77
44 88
44 92
44 94
45 18
45 24
45 25
45 27
45 30
45 35
45 36
45 37
45 39
45 41
45 42
45 44
45 46
45 47
45 48
45 49
45 50
45 51
45 52
45 57
45 61
45 62
45 65
45 74
45 75
45 76
45 78
45 86
45 88
45 90
45 94
45 97
45 98
45 105
45 113
45 131
45 133
45 134
45 143
45 152
45 153
45 154
45 155
45 156
45 157
45 158
45 159
45 160
45 161
45 162
45 163
45 164
45 165
45 166
45 167
45 168
45 169
45 170
45 176
45 177
45 178
45 179
45 180
45 181
45 182
45 183
45 184
45 188
45 189
45 190
45 192
45 193
45 196
45 197
45 198
45 200
45 201
45 203
45 205
45 208
45 210
45 211
45 215
45 220
45 222
45 228
45 231
45 232
45 233
45 234
45 235
45 238
45 239
45 245
45 246
45 247
45 250
45 251
45 252
45 254
45 255
45 263
45 264
45 265
45 266
45 267
45 268
45 269
45 270
45 271
45 272
45 273
45 274
45 275
45 276
45 277
45 278
45 279
45 280
45 281
45 282
45 283
45 284
45 285
45 286
45 287
45 288
45 289
45 290
45 291
45 292
45 293
45 294
45 295
46 32
46 43
46 51
46 58
46 59
47 7
47 14
47 20
47 24
47 32
47 42
47 46
47 51
47 54
47 59
47 62
47 83
47 88
47 210
48 7
48 14
48 19
48 32
48 35
48 42
48 49
48 51
48 63
48 64
48 67
48 70
48 88
48 91
48 94
48 131
48 133
48 215
49 7
49 14
49 25
49 32
49 42
49 48
49 51
49 53
49 63
49 68
49 70
49 88
49 91
49 93
49 94
49 131
49 133
49 210
49 211
49 215
50 27
50 31
50 32
50 33
50 37
50 39
50 42
50 55
50 58
50 60
50 62
50 63
50 71
51 7
51 30
51 39
51 59
51 67
51 70
52 19
52 27
52 31
52 51
52 55
52 57
52 58
52 67
52 71
53 31
53 51
53 70
53 88
53 100
53 104
53 106
54 18
56 23
56 55
56 60
56 63
56 72
57 55
57 72
57 226
59 32
59 58
59 60
59 68
59 70
59 91
59 241
60 8
60 20
60 31
60 33
60 54
60 58
60 63
60 64
60 67
60 68
60 71
60 103
60 196
61 58
61 62
61 86
61 90
61 97
62 58
62 59
62 96
63 64
64 63
64 68
64 96
64 130
64 226
65 27
65 31
65 39
65 60
65 63
65 67
65 71
65 105
65 113
65 196
65 210
66 63
66 84
66 94
66 104
66 202
67 32
67 60
67 70
68 3
68 67
68 96
68 130
68 207
68 225
69 34
69 59
69 60
69 67
70 59
70 67
71 20
72 19
72 60
72 64
72 84
72 91
72 94
72 217
73 2
73 7
73 19
73 35
73 96
73 113
73 133
73 134
73 138
73 214
73 223
74 7
74 8
74 14
74 17
74 19
74 21
74 22
74 32
74 76
74 77
74 83
74 91
74 115
74 131
74 210
74 213
74 219
75 2
75 7
75 14
75 19
75 21
75 22
75 32
75 35
75 65
75 77
75 78
75 83
75 91
75 131
75 133
75 212
75 219
75 237
76 7
76 14
76 15
76 19
76 21
76 22
76 32
76 54
76 74
76 91
76 107
76 210
76 219
77 19
77 72
78 7
78 14
78 22
78 32
78 91
78 92
78 102
78 133
78 236
78 237
79 54
79 56
79 92
79 94
79 126
79 207
80 47
80 69
80 92
80 173
81 20
82 33
82 64
83 59
83 62
84 64
84 72
85 2
85 13
85 17
85 43
85 53
85 66
85 84
85 87
85 99
85 102
85 107
85 112
85 117
85 118
85 120
85 121
85 122
85 124
85 126
85 130
85 131
85 133
85 138
85 173
85 194
85 200
85 202
85 203
85 204
85 206
85 207
85 214
85 216
85 225
85 227
85 242
86 22
86 59
86 64
86 84
86 109
86 121
86 138
86 196
86 199
86 219
86 236
87 3
87 15
87 43
87 53
87 54
87 70
87 85
87 88
87 94
87 99
87 102
87 107
87 110
87 111
87 112
87 115
87 119
87 120
87 122
87 126
87 130
87 131
87 133
87 150
87 173
87 199
87 200
87 202
87 204
87 205
87 206
87 207
87 208
87 216
87 225
87 242
88 59
88 68
88 70
88 110
88 143
88 151
88 215
89 7
89 14
89 59
89 70
89 241
90 21
90 70
90 72
90 103
90 106
90 124
90 138
90 237
91 54
91 72
91 120
91 126
91 131
91 133
91 240
92 60
92 91
93 17
94 37
94 64
94 72
94 73
94 132
94 146
94 217
95 7
95 64
95 72
96 59
96 143
96 205
96 207
96 208
96 241
97 126
97 128
97 173
97 207
98 97
98 166
98 167
98 168
98 177
98 178
98 188
98 196
98 251
98 252
98 254
98 255
98 279
98 281
99 17
99 43
99 66
99 68
99 102
99 122
99 124
99 151
99 185
99 199
99 203
99 205
99 206
99 207
99 208
99 216
99 226
99 227
99 257
100 53
100 60
100 106
100 135
100 138
101 103
101 117
101 121
102 64
102 94
102 101
102 114
102 204
102 209
103 9
103 11
103 60
103 101
103 104
103 114
103 121
103 137
103 138
103 143
103 192
103 209
104 9
104 10
104 88
104 101
104 106
104 111
104 117
104 124
104 138
104 140
104 199
105 94
105 101
105 103
105 124
105 138
105 150
105 224
106 60
106 108
106 110
106 111
106 112
106 136
106 140
106 199
107 22
107 68
107 88
107 106
107 110
107 123
107 131
108 100
108 106
108 116
108 125
108 129
108 136
108 140
109 9
109 10
109 60
109 104
109 106
109 108
109 111
109 123
109 140
109 143
109 192
110 88
110 106
110 122
110 144
110 192
110 206
111 106
111 140
111 192
111 199
112 106
112 110
112 188
112 196
112 199
112 206
112 227
113 35
113 106
113 109
113 111
113 138
113 199
113 223
114 17
114 103
114 116
114 117
114 128
114 136
114 139
114 141
114 142
114 146
114 150
114 192
115 15
115 17
115 29
115 73
115 94
115 102
115 103
115 109
115 110
115 116
115 121
115 122
115 123
115 125
115 130
115 134
115 136
115 139
115 143
115 148
115 194
115 196
115 211
115 225
115 240
116 2
116 17
116 114
116 122
116 123
116 128
116 129
116 137
116 140
117 17
117 143
117 192
118 4
118 13
118 17
118 87
118 88
118 110
118 117
118 119
118 120
118 122
118 126
118 130
118 143
118 150
118 171
118 173
118 185
118 192
118 199
118 202
118 225
118 227
118 256
118 257
118 258
118 262
119 3
119 5
119 12
119 15
119 17
119 68
119 85
119 99
119 110
119 117
119 118
119 122
119 124
119 126
119 130
119 150
119 151
119 171
119 173
119 185
119 195
119 202
119 204
119 205
119 208
119 217
119 221
119 225
119 227
119 229
119 258
120 17
120 43
120 88
120 96
120 99
120 107
120 124
120 126
120 131
120 143
120 150
120 171
120 192
120 199
120 200
120 202
120 205
120 206
120 208
120 221
121 17
121 143
121 192
121 209
122 123
122 124
122 125
123 29
123 109
123 110
123 116
123 122
123 125
123 139
123 144
123 148
123 149
123 151
124 120
124 122
124 150
124 199
124 200
124 203
124 204
124 216
124 229
124 230
124 260
125 11
125 114
125 116
125 122
125 123
125 136
125 137
125 144
126 3
126 4
126 96
126 99
126 112
126 118
126 120
126 122
126 138
126 172
126 173
126 178
126 202
126 206
126 207
126 217
126 218
126 225
126 226
126 227
126 249
126 256
126 257
126 258
126 259
127 116
127 128
127 209
128 127
128 141
129 116
129 135
129 140
130 2
130 64
130 68
130 173
130 225
130 240
131 2
131 21
131 73
131 91
131 107
131 109
131 112
131 115
131 132
131 138
131 143
131 199
131 206
131 212
131 213
131 214
131 216
131 219
132 2
132 105
132 115
132 134
132 210
132 219
132 224
132 226
133 21
133 73
133 91
133 102
133 103
133 115
133 117
133 132
133 134
133 192
133 212
133 213
133 214
133 216
133 219
134 115
134 138
134 197
134 203
134 225
136 103
136 135
136 137
136 140
136 144
136 209
137 103
138 43
138 103
138 104
138 109
138 126
138 130
138 172
138 173
138 186
138 202
138 214
138 218
138 219
138 225
138 229
138 230
138 242
138 248
138 249
138 259
138 260
138 262
139 11
139 116
139 125
139 136
139 137
139 144
140 108
140 116
140 123
140 148
141 114
141 150
141 209
142 94
142 114
142 117
142 137
142 141
142 145
142 146
142 150
142 192
143 11
143 85
143 96
143 110
143 120
143 147
143 149
143 151
143 192
143 200
143 206
143 239
143 246
143 262
143 283
143 285
145 142
145 146
146 99
146 112
146 124
146 145
146 150
146 200
146 203
146 219
146 227
146 229
146 230
146 285
147 151
147 192
148 147
148 149
148 151
149 120
149 143
149 147
149 199
149 204
149 214
149 227
149 246
150 114
150 142
151 148
152 3
152 4
152 5
152 13
152 85
152 87
152 118
152 119
152 126
152 173
152 188
152 231
153 3
153 13
153 85
153 87
153 118
153 119
153 254
154 3
154 13
154 118
154 119
154 178
154 254
155 3
155 4
155 5
155 13
155 126
155 173
155 231
156 3
156 4
156 5
156 13
156 85
156 87
156 190
156 198
156 233
157 3
157 13
157 85
157 87
157 118
157 119
157 169
158 3
158 13
158 85
158 87
158 118
158 119
158 143
158 192
158 193
159 3
159 13
159 85
159 87
159 193
160 3
160 4
160 5
160 13
160 118
160 119
160 152
160 207
160 220
161 3
161 4
161 5
161 13
161 118
161 119
161 126
161 155
161 173
161 188
162 3
162 4
162 5
162 13
162 118
162 119
162 154
162 156
162 234
163 3
163 4
163 5
163 13
163 118
163 119
163 158
163 162
163 276
164 3
164 13
164 85
164 87
164 118
164 119
164 143
164 159
164 163
164 192
165 3
165 13
165 143
165 164
165 273
165 277
166 3
166 13
166 153
166 165
166 278
167 3
167 13
167 98
167 118
167 119
167 154
167 166
167 178
167 196
167 227
167 229
168 3
168 13
168 43
168 118
168 119
168 154
168 167
168 178
168 251
168 260
169 3
169 4
169 5
169 13
169 43
169 126
169 138
169 173
170 3
170 13
170 126
170 138
170 143
170 173
171 13
171 118
171 173
171 178
171 195
171 259
172 13
172 126
172 186
172 203
172 218
172 219
173 5
173 13
173 43
173 96
173 99
173 112
173 119
173 120
173 126
173 178
173 185
173 186
173 202
173 204
173 205
173 206
173 207
173 208
173 217
173 221
173 227
173 241
173 248
173 258
173 260
173 262
174 3
174 4
174 5
174 13
174 43
174 118
174 119
174 134
174 143
174 188
174 192
175 5
175 13
175 119
175 120
175 188
176 3
176 13
176 85
176 87
176 247
177 3
177 13
177 118
177 119
177 176
177 178
177 227
178 3
178 13
178 138
178 177
178 184
178 221
178 222
178 255
178 256
178 257
178 258
178 259
178 260
179 3
179 4
179 5
179 13
179 118
179 119
179 134
179 174
179 197
179 238
180 3
180 4
180 5
180 13
180 118
180 119
180 134
180 179
181 3
181 4
181 5
181 13
181 85
181 87
181 180
182 3
182 13
182 118
182 119
182 143
182 181
183 3
183 4
183 5
183 13
183 118
183 119
183 143
183 182
183 192
184 3
184 13
184 178
184 285
185 3
185 119
185 126
185 260
186 3
186 43
186 138
186 172
186 173
186 200
186 214
186 262
187 3
187 4
187 99
187 118
187 143
187 192
188 85
188 87
188 91
188 112
188 126
188 146
188 149
188 173
188 196
188 200
188 203
188 204
188 205
188 208
188 246
188 285
189 85
189 87
189 183
190 4
190 5
190 85
190 87
190 156
190 157
190 161
190 162
190 169
190 180
190 205
190 208
190 231
190 233
190 234
190 238
190 246
191 26
191 38
191 79
191 80
191 81
191 82
191 85
191 87
191 89
191 95
191 112
191 172
191 175
191 186
191 187
191 196
191 204
191 205
191 208
191 214
191 218
191 219
191 225
191 227
191 243
191 244
191 248
191 249
191 253
191 296
191 297
192 87
192 99
192 104
192 108
192 114
192 143
192 146
192 151
192 203
192 226
192 261
193 118
193 119
193 126
193 138
193 173
194 9
194 112
194 118
194 119
194 146
194 149
194 196
194 204
194 245
194 284
195 118
195 119
195 185
195 205
195 208
196 4
196 5
196 146
196 149
196 194
196 227
196 245
196 284
197 4
197 5
197 134
197 201
198 4
198 5
198 134
198 155
198 156
198 160
198 161
198 179
198 180
198 220
198 231
198 233
198 238
198 246
199 96
199 99
199 112
199 124
199 150
199 206
199 226
199 229
200 120
200 149
200 150
200 151
200 188
200 199
200 203
200 205
200 208
200 245
200 284
201 124
201 134
201 146
201 149
201 152
201 160
201 161
201 179
201 197
201 199
201 220
201 231
201 239
201 246
201 283
202 104
202 112
202 124
202 138
202 173
202 204
203 99
203 124
203 143
203 150
203 151
203 192
203 200
203 206
203 227
203 229
203 245
203 284
204 124
204 202
204 216
204 219
204 227
205 96
205 120
205 143
205 195
205 208
205 226
205 227
205 251
206 120
206 123
206 140
206 143
206 149
206 151
206 205
206 208
207 99
207 214
207 218
208 96
208 99
208 171
208 205
208 226
208 227
209 11
210 14
210 21
210 64
210 76
210 107
211 21
211 131
211 133
211 194
211 196
211 212
212 86
212 131
212 133
212 138
212 236
213 68
213 90
213 131
213 133
213 138
213 237
214 9
214 10
214 49
214 91
214 131
214 172
214 194
214 196
214 211
214 215
214 218
215 9
215 48
215 73
215 134
215 194
215 196
215 240
216 64
216 114
216 150
216 192
217 94
217 150
217 216
217 240
218 172
218 186
218 214
218 219
219 10
219 43
219 68
219 91
219 186
219 194
219 196
219 211
219 215
220 134
220 146
220 149
220 161
220 179
220 180
220 188
220 197
220 201
220 205
220 208
220 231
220 233
220 238
220 246
220 283
221 173
221 188
221 205
221 257
222 98
222 167
222 168
222 178
222 188
222 205
222 208
222 285
223 105
224 113
225 68
225 102
225 130
226 64
226 205
226 207
226 217
227 195
227 200
227 203
227 205
227 208
227 229
227 230
228 98
228 154
228 166
228 167
228 168
228 177
228 200
228 203
228 254
228 285
229 227
229 230
230 227
230 229
232 157
232 158
232 162
232 163
232 169
232 181
232 182
232 193
232 205
232 208
232 231
232 233
232 234
232 239
232 246
233 43
233 126
233 138
233 173
234 112
234 162
234 169
234 180
234 181
234 204
234 205
234 208
234 233
234 238
234 239
234 246
234 263
234 264
234 285
235 158
235 159
235 163
235 169
235 170
235 182
235 193
235 233
235 246
235 276
236 9
236 94
237 10
237 88
238 190
238 198
239 143
239 192
239 205
239 208
239 238
239 246
239 283
240 217
241 96
242 96
245 143
245 192
245 284
245 285
246 143
246 205
246 208
246 245
247 172
247 186
247 280
248 249
249 248
250 153
250 154
250 166
250 177
250 254
250 278
250 285
251 196
253 205
253 208
253 221
253 246
253 257
254 126
254 138
254 173
254 178
255 126
255 138
255 173
256 171
256 229
256 230
256 258
257 126
257 171
257 185
257 208
257 221
258 229
258 230
258 256
259 260
263 126
263 173
264 126
264 173
265 126
265 173
266 126
266 173
267 126
267 173
268 126
268 173
269 153
269 165
269 247
269 254
269 275
269 278
269 279
269 285
270 159
270 163
270 164
270 169
270 170
270 189
270 193
270 246
270 271
270 276
270 279
271 170
272 164
272 170
272 189
272 193
272 246
272 271
272 273
272 277
272 279
272 285
273 170
274 165
274 170
274 247
274 254
274 273
274 275
274 277
274 279
274 285
275 279
276 163
276 169
276 182
276 183
276 193
276 246
276 264
276 265
276 266
276 285
277 164
277 165
277 170
277 189
277 193
277 246
277 266
277 267
277 268
277 280
277 284
277 285
278 170
278 176
278 247
278 268
278 279
278 281
278 282
278 285
280 189
283 246
284 245
284 246
284 298
