1 303
1 362
1 733
1 1376
1 2917
1 2936
1 3223
1 3224
1 3225
1 3226
1 3227
1 3228
1 3229
1 3230
1 3231
1 3232
1 3233
1 3234
2 303
3 303
4 303
5 303
6 303
7 303
8 303
9 303
10 303
11 303
12 303
13 303
14 303
303 489
303 1427
303 1465
362 1427
5 733
9 733
11 733
264 733
403 733
482 733
501 733
504 733
733 1273
733 2355
733 2791
338 1376
796 1376
4 2917
5 2917
14 2917
259 2917
264 2917
1225 2917
5 2936
35 2936
39 2936
41 2936
43 2936
47 2936
121 2936
259 2936
270 2936
653 2936
5 3223
11 3223
564 3223
5 3224
5 3225
5 3226
121 3226
5 3227
131 3227
184 3227
5 3228
214 3228
5 3230
5 3231
5 3232
5 3233
5 3234
1274 3234
2 504
2 506
2 547
2 736
2 882
2 919
2 937
2 1467
2 1617
2 1640
2 1680
2 2113
2 2352
2 2962
2 3055
2 3066
2 4228
259 504
347 504
403 504
498 504
501 504
503 504
504 505
504 742
504 882
504 961
504 981
504 1389
504 1469
504 4077
504 4204
79 506
88 506
113 506
205 506
482 506
501 506
506 544
506 602
506 614
506 980
506 981
506 1180
506 1235
4 547
7 547
75 547
425 547
544 547
547 551
547 601
547 628
547 629
547 630
547 1109
547 1282
16 736
32 736
184 736
259 736
264 736
462 736
480 736
482 736
484 736
494 736
537 736
608 736
615 736
646 736
729 736
730 736
731 736
736 1043
736 2375
736 3145
484 882
495 882
497 882
882 4094
882 4095
4 919
7 919
34 919
45 919
88 919
235 919
264 919
288 919
319 919
919 1863
177 937
318 937
625 937
899 937
937 952
937 1037
937 1211
937 1219
937 1220
4 1467
7 1467
36 1467
37 1467
44 1467
495 1467
497 1467
501 1467
511 1467
512 1467
513 1467
4 1617
7 1617
10 1617
34 1617
35 1617
36 1617
37 1617
39 1617
44 1617
77 1617
79 1617
88 1617
128 1617
129 1617
194 1617
212 1617
214 1617
216 1617
219 1617
235 1617
253 1617
264 1617
267 1617
281 1617
290 1617
291 1617
294 1617
296 1617
298 1617
337 1617
363 1617
365 1617
375 1617
396 1617
398 1617
424 1617
425 1617
426 1617
427 1617
428 1617
457 1617
458 1617
460 1617
463 1617
464 1617
479 1617
480 1617
488 1617
494 1617
507 1617
531 1617
537 1617
544 1617
545 1617
551 1617
554 1617
565 1617
582 1617
583 1617
584 1617
585 1617
586 1617
587 1617
588 1617
589 1617
590 1617
591 1617
592 1617
593 1617
594 1617
595 1617
596 1617
597 1617
598 1617
599 1617
600 1617
601 1617
602 1617
603 1617
604 1617
605 1617
606 1617
607 1617
608 1617
609 1617
610 1617
611 1617
612 1617
613 1617
614 1617
615 1617
616 1617
617 1617
618 1617
619 1617
620 1617
621 1617
622 1617
623 1617
624 1617
625 1617
626 1617
627 1617
628 1617
629 1617
630 1617
631 1617
632 1617
633 1617
634 1617
635 1617
636 1617
637 1617
638 1617
639 1617
640 1617
641 1617
642 1617
643 1617
644 1617
645 1617
646 1617
647 1617
4 1640
7 1640
38 1640
68 1640
70 1640
71 1640
121 1640
153 1640
159 1640
184 1640
264 1640
396 1640
410 1640
419 1640
420 1640
424 1640
460 1640
462 1640
466 1640
467 1640
468 1640
470 1640
471 1640
555 1640
608 1640
615 1640
619 1640
620 1640
622 1640
635 1640
646 1640
664 1640
665 1640
666 1640
667 1640
668 1640
669 1640
670 1640
671 1640
672 1640
10 1680
317 1680
346 1680
410 1680
424 1680
520 1680
528 1680
623 1680
137 2113
295 2113
313 2113
673 2113
41 2352
464 2352
658 2352
321 2962
1247 2962
118 3055
252 3055
254 3055
321 3055
184 3066
321 3066
442 3066
33 4228
79 4228
90 4228
214 4228
370 4228
405 4228
520 4228
607 4228
613 4228
627 4228
1225 4228
1349 4228
3 1427
3 2347
43 1427
45 1427
118 1427
122 1427
141 1427
199 1427
209 1427
213 1427
259 1427
260 1427
268 1427
269 1427
272 1427
274 1427
277 1427
278 1427
295 1427
301 1427
302 1427
304 1427
305 1427
306 1427
307 1427
308 1427
309 1427
310 1427
311 1427
312 1427
313 1427
314 1427
315 1427
316 1427
317 1427
318 1427
319 1427
320 1427
321 1427
322 1427
323 1427
324 1427
325 1427
326 1427
327 1427
328 1427
329 1427
330 1427
331 1427
332 1427
333 1427
334 1427
335 1427
336 1427
337 1427
338 1427
339 1427
340 1427
341 1427
342 1427
343 1427
344 1427
345 1427
346 1427
347 1427
348 1427
349 1427
350 1427
351 1427
352 1427
353 1427
354 1427
355 1427
356 1427
357 1427
358 1427
359 1427
360 1427
361 1427
363 1427
41 2347
464 2347
658 2347
4 750
4 938
4 940
4 954
4 962
4 1036
4 1075
4 1217
4 1282
4 1602
4 2124
4 2496
4 2817
4 2818
4 3558
4 3678
7 750
57 750
88 750
90 750
321 750
552 750
750 1089
750 1253
750 1754
750 4189
7 938
14 938
220 938
319 938
938 952
938 1145
938 1211
938 1235
7 940
544 940
940 952
7 954
36 954
37 954
42 954
44 954
75 954
88 954
291 954
318 954
319 954
338 954
383 954
404 954
428 954
458 954
488 954
544 954
545 954
549 954
560 954
602 954
612 954
613 954
617 954
626 954
637 954
646 954
656 954
954 956
954 1210
954 1211
954 1212
954 1213
954 1214
954 1215
954 1216
954 1217
954 1218
7 962
34 962
45 962
214 962
497 962
501 962
852 962
7 1036
88 1036
601 1036
1036 1084
1036 1212
7 1075
354 1075
664 1075
716 1075
721 1075
1075 2177
7 1217
1060 1217
1217 2876
7 1282
88 1282
90 1282
305 1282
307 1282
458 1282
544 1282
545 1282
546 1282
1108 1282
1109 1282
7 1602
36 1602
37 1602
44 1602
57 1602
79 1602
90 1602
214 1602
235 1602
253 1602
264 1602
267 1602
284 1602
291 1602
292 1602
305 1602
313 1602
412 1602
428 1602
507 1602
544 1602
555 1602
556 1602
557 1602
558 1602
559 1602
560 1602
561 1602
562 1602
313 2124
424 2124
1062 2124
7 2496
594 2496
1145 2496
1146 2496
318 2817
7 2818
177 2818
318 2818
623 2818
899 2818
1089 2818
7 3558
75 3558
653 3558
664 3558
1035 3558
1330 3558
1331 3558
7 3678
213 3678
281 3678
284 3678
841 3678
1241 3678
6 1434
7 1434
79 1434
284 1434
292 1434
301 1434
346 1434
366 1434
369 1434
370 1434
371 1434
7 2373
7 3090
41 2373
464 2373
658 2373
79 3090
264 3090
321 3090
338 3090
370 3090
564 3090
607 3090
613 3090
638 3090
646 3090
9 857
9 858
81 857
82 857
857 898
857 900
857 1230
11 858
14 858
81 858
82 858
321 858
858 898
858 1145
858 1251
858 2791
10 13
10 347
10 485
10 491
10 575
10 684
10 814
10 856
10 1208
10 1685
10 1784
10 1858
10 1861
10 1922
10 1925
10 2036
10 2039
10 2045
10 2273
10 2784
10 2883
10 3543
10 3695
10 4074
13 115
13 347
13 583
12 347
14 347
212 347
347 584
347 623
347 646
347 841
347 842
312 485
355 485
485 637
491 507
491 1369
491 1381
491 1465
39 575
199 575
209 575
237 575
373 575
379 575
399 575
403 575
404 575
405 575
406 575
409 575
437 575
480 575
538 575
566 575
570 575
574 575
575 590
575 698
575 711
575 716
575 717
575 718
575 721
575 907
575 1121
575 1122
575 1123
575 1124
575 1616
312 684
355 684
684 1654
684 1789
160 814
161 814
162 814
163 814
164 814
165 814
166 814
167 814
168 814
169 814
170 814
171 814
172 814
173 814
814 1101
814 1785
814 2271
814 2272
814 2273
814 2274
81 856
259 856
298 1208
488 1208
507 1208
1208 1370
1208 1381
39 1685
49 1685
50 1685
52 1685
69 1685
79 1685
88 1685
194 1685
209 1685
237 1685
379 1685
401 1685
403 1685
404 1685
405 1685
406 1685
408 1685
409 1685
410 1685
414 1685
415 1685
417 1685
418 1685
419 1685
420 1685
421 1685
423 1685
433 1685
437 1685
454 1685
480 1685
538 1685
590 1685
600 1685
697 1685
698 1685
700 1685
701 1685
702 1685
703 1685
704 1685
705 1685
706 1685
707 1685
708 1685
709 1685
710 1685
711 1685
712 1685
713 1685
714 1685
715 1685
716 1685
717 1685
718 1685
719 1685
720 1685
721 1685
14 1784
39 1784
194 1784
209 1784
237 1784
288 1784
342 1784
390 1784
404 1784
405 1784
406 1784
480 1784
590 1784
678 1784
698 1784
707 1784
717 1784
800 1784
802 1784
811 1784
813 1784
259 1858
264 1858
307 1858
841 1858
132 1861
307 1861
309 1922
23 1925
141 1925
259 1925
264 1925
309 1925
841 1925
907 1925
312 2036
312 2039
355 2039
637 2039
72 2045
73 2045
312 2045
355 2045
637 2045
162 2273
166 2273
169 2273
171 2273
677 2273
815 2273
39 2784
118 2784
128 2784
129 2784
284 2784
317 2784
348 2784
528 2784
643 2784
646 2784
35 2883
121 2883
136 2883
137 2883
202 2883
284 2883
292 2883
295 2883
319 2883
372 2883
488 2883
519 2883
603 2883
623 2883
639 2883
646 2883
1084 2883
1236 2883
1230 3543
1239 3543
141 3695
841 3695
1343 3695
60 4074
74 4074
284 4074
295 4074
331 4074
544 4074
632 4074
641 4074
647 4074
898 4074
1247 4074
11 849
11 884
11 2348
11 2355
11 2821
11 3039
592 849
646 849
849 884
103 884
194 884
205 884
336 884
412 884
426 884
484 884
584 884
600 884
646 884
741 884
847 884
848 884
850 884
41 2348
464 2348
658 2348
868 2348
131 2355
464 2355
658 2355
732 2355
18 2821
318 2821
658 2821
14 3039
118 3039
321 3039
12 39
39 358
39 393
39 501
39 565
39 765
39 1347
39 1417
39 1800
39 1872
39 2003
39 2058
39 2254
39 2340
39 3871
39 4178
115 310
115 3744
75 583
76 583
77 583
78 583
79 583
583 1790
583 1791
14 371
14 454
14 503
14 533
14 555
14 573
14 696
14 715
14 846
14 1240
14 1388
14 1412
14 1440
14 1852
14 1981
14 2116
14 2384
14 2550
14 2788
14 2848
14 2908
14 2911
14 3048
14 3741
14 4204
176 371
321 371
337 371
366 371
371 544
371 1224
371 4118
366 454
430 454
453 454
454 466
454 478
454 700
454 715
454 1124
454 1162
454 1412
454 1539
454 1774
454 2153
454 2167
454 3347
454 3871
454 3982
454 4206
36 503
37 503
44 503
79 503
259 503
482 503
488 503
497 503
500 503
501 503
503 614
503 981
503 1239
503 4093
86 533
88 533
410 533
424 533
426 533
483 533
533 677
533 690
533 691
533 692
533 693
533 694
533 1079
533 3529
90 555
359 555
360 555
469 555
555 558
555 671
555 715
555 906
555 963
555 977
555 1067
555 1226
555 1227
555 1232
555 1337
555 1372
555 1407
555 1865
555 1866
555 1911
555 2842
555 2843
555 2844
555 2845
555 2846
555 2847
555 2848
555 2849
555 2850
555 2851
555 2852
555 2853
555 2854
555 2855
555 2856
555 2857
555 2858
555 2859
555 2860
555 2861
555 2862
555 2863
555 2864
555 2865
555 2866
555 2867
555 2868
555 2869
555 2870
555 2871
555 2872
555 2873
555 2874
555 2875
555 2876
555 2877
555 2878
555 2879
555 2880
90 573
313 573
573 602
573 1616
573 1746
573 2791
301 696
366 696
367 696
368 696
369 696
415 696
456 696
52 715
398 715
417 715
418 715
715 979
307 846
507 846
846 1047
846 1240
846 1811
846 1849
846 3923
79 1240
203 1240
398 1240
458 1240
467 1240
468 1240
507 1240
544 1240
1240 1371
1240 2930
75 1388
79 1388
267 1388
284 1388
544 1388
638 1388
1386 1388
1388 4088
16 1412
379 1412
421 1412
424 1412
450 1412
451 1412
793 1412
1080 1412
1081 1412
1090 1412
1091 1412
1412 4243
302 1440
307 1440
398 1440
424 1440
425 1440
426 1440
427 1440
428 1440
429 1440
430 1440
307 1852
425 1852
428 1852
467 1852
468 1852
664 1852
905 1852
906 1852
907 1852
85 1981
364 1981
437 1981
531 1981
546 1981
586 1981
600 1981
626 1981
633 1981
1011 1981
1012 1981
1013 1981
1014 1981
1015 1981
1016 1981
1017 1981
200 2116
201 2116
202 2116
313 2116
464 2384
877 2384
184 2550
375 2550
408 2550
1111 2550
1113 2550
1156 2550
1157 2550
1158 2550
317 2788
118 2848
321 2848
469 2848
259 2908
264 2908
270 2908
259 2911
264 2911
270 2911
623 2911
673 2911
321 3048
638 3048
213 3741
337 3741
531 3741
643 3741
898 3741
900 3741
1060 3741
213 4204
295 4204
345 4204
607 4204
15 304
15 1471
304 1470
304 1471
304 1472
423 1471
16 366
16 516
16 1436
16 1616
16 1668
16 1692
16 1768
16 2026
16 2142
16 2336
16 2392
16 2542
16 2619
16 3364
16 3610
16 4115
52 366
110 366
302 366
366 368
366 369
366 380
366 381
366 410
366 417
366 418
366 423
366 437
366 438
366 439
366 440
366 441
366 442
366 443
366 444
366 445
366 446
366 447
366 448
366 449
366 450
366 451
366 452
366 453
366 455
366 456
366 1063
17 516
18 516
19 516
20 516
21 516
22 516
516 1021
516 1474
516 1475
516 1476
516 1477
516 1478
516 1479
516 1480
516 1481
516 1482
516 1483
516 1484
516 1485
301 1436
342 1436
375 1436
376 1436
377 1436
378 1436
379 1436
379 1616
463 1616
565 1616
566 1616
567 1616
568 1616
569 1616
570 1616
571 1616
572 1616
574 1616
576 1616
577 1616
578 1616
579 1616
580 1616
581 1616
80 1668
404 1668
410 1668
688 1668
410 1692
537 1768
463 2026
313 2142
703 2142
1067 2142
41 2336
76 2336
77 2336
464 2336
658 2336
1126 2336
58 2392
403 2392
409 2392
464 2392
494 2392
677 2392
375 2542
794 2542
1155 2542
375 2619
404 3364
979 3364
527 3610
620 3610
700 3610
127 4115
544 4115
17 1600
17 2763
57 1600
62 1600
63 1600
64 1600
253 1600
290 1600
305 1600
317 1600
336 1600
427 1600
459 1600
479 1600
526 1600
537 1600
548 1600
549 1600
550 1600
551 1600
552 1600
553 1600
317 2763
18 1485
18 1879
18 2759
18 2761
18 2762
18 2765
18 2768
18 2769
18 2772
18 3309
18 3508
18 3743
22 1485
317 1485
515 1485
517 1485
524 1485
526 1485
307 1879
345 1879
599 1879
317 2759
317 2761
515 2761
317 2762
19 2765
22 2765
298 2765
317 2765
658 2765
1179 2765
1180 2765
264 2768
298 2768
317 2768
626 2768
646 2768
658 2768
1181 2768
22 2769
317 2769
298 2772
317 2772
517 2772
658 2772
1300 3309
278 3508
324 3508
515 3508
517 3508
522 3508
658 3508
1098 3508
298 3743
1060 3743
19 21
19 1381
19 1407
19 1603
21 1473
74 1381
88 1381
264 1381
483 1381
488 1381
489 1381
544 1381
595 1381
602 1381
1206 1381
1207 1381
1209 1381
1370 1381
290 1407
548 1407
549 1407
552 1407
553 1407
558 1407
671 1407
1407 4189
33 1603
88 1603
253 1603
292 1603
305 1603
549 1603
552 1603
560 1603
563 1603
515 1473
22 2766
317 2766
23 1416
23 1466
23 3138
24 1416
25 1416
26 1416
27 1416
28 1416
29 1416
30 1416
31 1416
32 1416
25 1466
26 1466
32 1466
298 1466
26 3138
425 3138
544 3138
26 1615
26 2537
375 2537
425 2537
30 2239
30 3426
424 2239
544 2239
459 3426
32 666
32 1043
32 1073
32 1131
32 1462
32 1656
32 2024
32 2177
32 2179
32 2402
32 2598
189 666
237 666
302 666
307 666
313 666
365 666
375 666
398 666
412 666
419 666
420 666
463 666
464 666
465 666
466 666
467 666
468 666
469 666
470 666
471 666
153 1043
159 1043
664 1043
738 1043
793 1043
1043 1333
375 1073
1073 2167
1073 2257
38 1131
424 1131
1131 2397
61 1462
125 1462
141 1462
259 1462
302 1462
317 1462
332 1462
334 1462
337 1462
365 1462
397 1462
462 1462
464 1462
474 1462
475 1462
476 1462
477 1462
478 1462
410 1656
685 1656
686 1656
64 2024
90 2024
153 2024
159 2024
165 2024
184 2024
194 2024
406 2024
424 2024
425 2024
463 2024
467 2024
468 2024
474 2024
615 2024
619 2024
677 2024
859 2024
860 2024
862 2024
1045 2024
1046 2024
1047 2024
1048 2024
121 2177
424 2177
425 2177
464 2177
544 2177
664 2177
716 2177
721 2177
824 2177
1076 2177
1077 2177
424 2179
607 2179
184 2402
323 2402
328 2402
403 2402
409 2402
464 2402
1133 2402
375 2598
425 2598
426 2598
619 2598
904 2598
33 565
33 1900
33 2065
34 565
35 565
36 565
37 565
38 565
40 565
41 565
42 565
43 565
44 565
45 565
46 565
47 565
249 565
565 651
565 657
565 1618
565 1619
565 1620
565 1621
281 1900
991 1900
34 2065
45 2065
312 2065
355 2065
637 2065
34 501
34 987
34 988
34 1233
34 2884
34 4223
36 501
37 501
44 501
79 501
264 501
321 501
374 501
375 501
398 501
404 501
425 501
428 501
458 501
479 501
482 501
498 501
499 501
500 501
501 502
501 505
501 509
501 510
501 511
501 512
501 513
501 544
501 556
501 602
501 732
501 735
501 742
501 743
501 881
501 888
501 911
501 960
501 963
501 964
501 979
501 980
501 981
501 982
501 983
501 984
501 985
501 986
501 987
501 988
501 989
501 990
501 1390
45 987
259 987
264 987
45 988
511 988
512 988
513 988
964 988
988 1243
45 1233
346 1233
511 1233
512 1233
513 1233
613 1233
880 1233
906 1233
1233 1244
319 2884
1206 2884
45 4223
398 4223
483 4223
607 4223
1411 4223
35 1348
35 3919
305 1348
1348 3709
507 3919
36 482
36 652
36 881
36 888
36 1390
36 3989
37 482
44 482
68 482
70 482
71 482
165 482
313 482
337 482
425 482
427 482
428 482
482 497
482 498
482 499
482 500
482 502
482 505
482 510
482 537
482 544
482 584
482 732
482 735
482 737
482 738
482 739
482 740
482 741
482 742
482 743
482 1464
37 652
40 652
44 652
47 652
121 652
292 652
560 652
563 652
652 657
652 664
652 1144
652 1329
652 1621
37 881
44 881
484 881
495 881
497 881
507 881
508 881
509 881
510 881
881 4094
881 4095
37 888
44 888
483 888
484 888
497 888
544 888
37 1390
44 1390
495 1390
497 1390
1390 4091
37 3989
44 3989
90 3989
440 3989
602 3989
318 358
325 358
337 358
358 643
194 393
200 393
316 393
393 622
393 765
393 1438
58 765
194 765
209 765
237 765
401 765
403 765
404 765
406 765
409 765
437 765
463 765
480 765
698 765
700 765
765 1762
194 1347
213 1347
268 1347
274 1347
290 1347
319 1347
426 1347
428 1347
480 1347
531 1347
546 1347
586 1347
604 1347
1018 1347
1019 1347
1020 1347
41 1417
47 1417
141 1417
192 1800
194 1800
199 1800
203 1800
480 1800
584 1800
307 1872
348 1872
494 1872
554 1872
604 1872
632 1872
641 1872
647 1872
945 1872
463 2003
476 2003
477 2003
494 2003
507 2003
619 2003
635 2003
312 2058
355 2058
637 2058
899 2058
950 2058
479 2254
41 2340
464 2340
658 2340
404 3871
405 3871
406 3871
437 3871
698 3871
703 3871
1088 3871
90 4178
199 4178
209 4178
213 4178
328 4178
426 4178
604 4178
622 4178
892 4178
40 75
40 2495
40 2878
75 121
75 123
75 588
75 1330
75 1791
75 1993
121 2495
594 2495
653 2495
1035 2495
1144 2495
122 2878
131 2878
259 2878
270 2878
328 2878
397 2878
461 2878
653 2878
1035 2878
41 730
41 770
41 831
41 1332
41 1359
41 1621
41 1791
41 1829
41 2253
41 2337
41 2338
41 2339
41 2341
41 2344
41 2346
41 2349
41 2350
41 2351
41 2353
41 2356
41 2357
41 2358
41 2359
41 2360
41 2361
41 2362
41 2363
41 2366
41 2367
41 2368
41 2369
41 2372
41 2374
88 730
237 730
464 730
470 730
656 730
658 730
464 770
770 1762
598 831
823 831
831 869
831 900
831 1799
452 1332
464 1332
658 1332
1291 1332
425 1359
658 1359
1124 1359
1265 1359
1266 1359
464 1621
582 1621
619 1621
648 1621
651 1621
656 1621
657 1621
658 1621
659 1621
47 1791
76 1791
77 1791
79 1791
120 1791
131 1791
818 1791
464 1829
585 1829
658 1829
877 1829
464 2253
479 2253
658 2253
145 2337
149 2337
150 2337
156 2337
158 2337
464 2337
635 2337
658 2337
1127 2337
47 2338
77 2338
464 2338
658 2338
1062 2338
464 2339
658 2339
464 2341
658 2341
47 2344
464 2344
658 2344
1128 2344
240 2346
464 2346
656 2346
658 2346
464 2349
658 2349
1062 2349
464 2350
658 2350
464 2351
658 2351
464 2353
658 2353
383 2356
464 2356
658 2356
47 2357
464 2357
658 2357
77 2358
131 2358
464 2358
635 2358
656 2358
658 2358
464 2359
635 2359
658 2359
464 2360
658 2360
240 2361
425 2361
464 2361
635 2361
658 2361
464 2362
658 2362
464 2363
658 2363
464 2366
658 2366
464 2367
658 2367
1129 2367
64 2368
237 2368
425 2368
464 2368
658 2368
425 2369
464 2369
658 2369
464 2372
658 2372
464 2374
635 2374
658 2374
42 672
672 700
43 632
43 952
43 1465
213 632
259 632
264 632
270 632
307 632
325 632
428 632
531 632
614 632
632 747
632 892
632 897
632 898
632 899
632 900
632 901
632 902
632 903
632 904
632 977
632 1896
632 2477
632 2791
632 3115
632 3982
632 4184
74 952
233 952
307 952
312 952
327 952
333 952
336 952
355 952
387 952
397 952
595 952
827 952
918 952
922 952
923 952
924 952
925 952
926 952
927 952
928 952
929 952
930 952
931 952
932 952
933 952
934 952
935 952
936 952
939 952
941 952
952 1210
216 1465
486 1465
487 1465
488 1465
489 1465
490 1465
492 1465
45 497
259 497
278 497
307 497
324 497
327 497
496 497
497 743
497 960
497 961
497 963
497 964
497 981
46 941
46 3305
46 4130
544 941
648 3305
649 3305
1297 3305
219 4130
544 4130
559 4130
1397 4130
47 284
47 1015
47 1354
47 1923
47 3079
284 359
284 644
284 709
284 830
284 842
284 1158
284 1421
284 1853
284 1920
284 1951
284 2060
284 2063
284 2108
284 2823
284 2862
284 2929
284 3050
284 3070
284 4175
211 1015
1015 1993
1015 2275
1015 3699
464 1354
1124 1354
309 1923
997 1923
998 1923
121 3079
321 3079
327 3079
1144 3079
48 660
49 660
50 660
567 660
660 1622
660 1623
660 1624
51 54
51 410
51 803
52 54
53 54
54 410
54 417
54 418
54 803
52 410
53 410
410 415
410 416
410 566
410 829
410 1023
410 1151
410 1628
410 1629
410 1630
410 1631
410 1632
410 1633
410 1634
410 1635
410 1636
410 1637
410 1638
410 1639
410 1641
410 1642
410 1643
410 1644
410 1645
410 1646
410 1647
410 1648
410 1649
410 1650
410 1651
410 1652
410 1653
410 1654
410 1655
410 1657
410 1658
410 1659
410 1660
410 1661
410 1662
410 1663
410 1664
410 1665
410 1666
410 1667
410 1669
410 1670
410 1671
410 1672
410 1673
410 1674
410 1675
410 1676
410 1677
410 1678
410 1679
410 1681
410 1682
410 1683
410 1684
410 1686
410 1687
410 1688
410 1689
410 1690
410 1691
410 1693
52 803
53 803
417 803
418 803
52 417
52 418
52 753
52 1770
406 417
417 441
417 753
417 802
417 804
417 805
417 806
417 807
417 808
417 809
417 1770
312 418
355 418
414 418
418 707
418 753
418 1056
418 1770
62 753
69 753
295 753
302 753
394 753
396 753
413 753
414 753
415 753
416 753
419 753
420 753
421 753
422 753
423 753
753 1762
62 1770
261 1770
404 1770
437 1770
453 1770
537 1770
726 1770
797 1770
798 1770
799 1770
55 537
55 727
55 1695
55 2935
56 537
57 537
58 537
59 537
60 537
61 537
62 537
63 537
64 537
65 537
66 537
67 537
68 537
69 537
70 537
71 537
380 537
403 537
442 537
443 537
527 537
537 550
537 724
537 759
537 760
537 801
537 889
537 944
537 1142
537 1185
537 1186
537 1187
537 1188
537 1402
537 1403
537 1404
537 1405
537 1406
537 1538
537 1694
537 1695
537 1696
537 1697
537 1698
537 1699
537 1700
537 1701
537 1702
537 1703
537 1704
537 1705
537 1706
537 1707
537 1708
537 1709
537 1710
537 1711
537 1712
537 1713
537 1714
537 1715
537 1716
537 1717
537 1718
537 1719
537 1720
537 1721
537 1722
537 1723
537 1724
537 1725
537 1726
537 1727
537 1728
537 1729
537 1730
537 1731
537 1732
537 1733
537 1734
537 1735
537 1736
537 1737
537 1738
537 1739
537 1740
537 1741
537 1742
537 1743
537 1744
537 1745
537 1746
537 1747
537 1748
537 1749
537 1750
537 1751
537 1752
537 1753
537 1754
537 1755
537 1756
537 1757
537 1758
537 1759
537 1760
537 1761
537 1762
537 1763
537 1764
537 1765
537 1766
537 1767
537 1769
537 1771
537 1772
537 1773
537 1774
537 1775
537 1776
537 1777
537 1778
64 727
69 727
605 727
727 1732
727 1843
259 2935
264 2935
56 63
60 63
63 883
63 1697
63 1699
63 1715
63 1719
63 1750
63 1752
63 1753
63 1911
63 2418
63 3108
57 1405
57 1752
57 1765
57 2381
62 1405
348 1405
368 1405
548 1405
746 1405
1405 4189
64 1752
531 1752
549 1752
558 1752
747 1752
748 1752
237 1765
375 1765
794 1765
795 1765
796 1765
79 2381
90 2381
214 2381
267 2381
383 2381
403 2381
409 2381
412 2381
464 2381
509 2381
560 2381
1130 2381
58 1643
58 1735
58 1777
58 2060
58 2184
58 2257
58 2408
58 2823
58 3638
403 1735
409 1735
442 1777
801 1777
194 2060
216 2060
312 2060
337 2060
345 2060
355 2060
673 2060
899 2060
88 2184
237 2184
424 2184
442 2184
752 2184
59 2257
68 2257
70 2257
71 2257
88 2257
337 2257
375 2257
479 2257
599 2257
673 2257
728 2257
59 2408
68 2408
70 2408
71 2408
337 2408
403 2408
409 2408
464 2408
673 2408
295 2823
318 2823
646 2823
700 3638
1339 3638
59 3108
425 3108
60 1099
60 1142
60 1187
60 1703
60 2249
550 1099
769 1099
702 1142
1142 2494
1187 2791
479 2249
728 2249
61 1438
138 1438
139 1438
140 1438
199 1438
211 1438
278 1438
302 1438
317 1438
348 1438
365 1438
373 1438
383 1438
384 1438
385 1438
386 1438
387 1438
388 1438
389 1438
390 1438
391 1438
392 1438
394 1438
395 1438
396 1438
397 1438
398 1438
399 1438
400 1438
62 699
62 1242
62 2203
62 2659
62 2664
62 2670
62 2672
62 2680
62 2691
463 699
699 1683
313 1242
375 1242
483 1242
1242 2943
424 2203
1163 2659
1163 2664
726 2670
1163 2670
1163 2672
1163 2680
1163 2691
68 883
70 883
71 883
484 883
584 883
69 1697
66 1750
68 1750
70 1750
71 1750
317 1750
526 1750
548 1750
726 1750
64 1753
66 1753
549 1753
270 1911
318 1911
546 1911
852 1911
996 1911
68 2418
70 2418
71 2418
403 2418
409 2418
464 2418
64 668
64 1725
64 3389
64 3391
194 668
463 668
467 668
468 668
470 668
480 668
494 668
615 668
619 668
668 2382
65 1725
348 3389
551 3389
598 3389
531 3391
551 3391
598 3391
747 3391
900 3391
1067 3391
1309 3391
65 1475
348 1475
397 1475
66 443
66 3721
69 443
443 549
1121 3721
68 415
68 760
68 1186
68 2395
68 2403
68 3145
68 3883
71 415
194 415
406 415
415 423
415 570
415 697
415 1783
415 2618
415 2622
70 760
71 760
584 760
760 1762
70 1186
71 1186
403 1186
409 1186
425 1186
464 1186
1124 1186
1186 2791
70 2395
71 2395
337 2395
403 2395
409 2395
464 2395
70 2403
71 2403
403 2403
409 2403
464 2403
70 3145
71 3145
425 3145
738 3145
69 3883
70 3883
71 3883
194 3883
348 3883
404 3883
406 3883
419 3883
420 3883
437 3883
800 3883
69 1763
69 3836
69 3887
69 3889
88 1763
188 1763
379 1763
405 1763
620 1763
722 1763
789 1763
790 1763
791 1763
792 1763
793 1763
348 3836
674 3836
437 3887
1368 3887
188 3889
437 3889
72 802
72 1627
72 1782
73 802
74 802
802 1779
802 1780
802 1781
802 1782
802 1783
802 1785
802 1786
802 1787
802 1788
802 1789
414 1782
121 588
121 3682
123 588
79 588
118 588
119 588
120 588
122 588
124 588
125 588
126 588
127 588
128 588
129 588
130 588
131 588
132 588
133 588
134 588
135 588
588 1299
588 1992
588 1993
588 1994
588 1995
588 1996
319 1330
544 1330
653 1330
1035 1330
79 1993
119 1993
176 1993
182 1993
646 1993
77 1857
77 3708
307 1857
216 3708
1345 3708
79 745
79 1040
79 1210
79 1299
79 1746
79 1783
79 2126
79 2196
79 2231
79 2791
79 3086
79 4004
79 4007
79 4008
79 4088
79 4196
602 745
745 1746
211 1040
307 1040
488 1040
738 1040
1040 1291
1040 3291
214 1210
253 1210
307 1210
556 1210
560 1210
953 1210
955 1210
956 1210
404 1299
464 1299
1299 3303
93 1746
238 1746
307 1746
398 1746
425 1746
427 1746
428 1746
494 1746
544 1746
556 1746
572 1746
626 1746
633 1746
744 1746
194 1783
199 1783
237 1783
401 1783
403 1783
406 1783
408 1783
409 1783
637 1783
711 1783
718 1783
810 1783
811 1783
812 1783
105 2126
313 2126
328 2126
509 2126
1063 2126
424 2196
424 2231
211 2791
317 2791
373 2791
401 2791
403 2791
404 2791
405 2791
406 2791
409 2791
437 2791
452 2791
456 2791
508 2791
510 2791
641 2791
647 2791
654 2791
718 2791
732 2791
894 2791
963 2791
983 2791
1091 2791
1184 2791
1185 2791
1188 2791
1189 2791
1190 2791
1191 2791
1192 2791
1193 2791
1194 2791
1195 2791
1196 2791
1197 2791
1198 2791
1199 2791
1200 2791
1201 2791
1202 2791
264 3086
321 3086
398 4004
496 4004
602 4004
1307 4004
602 4007
639 4007
398 4008
602 4008
544 4088
1387 4088
606 4196
80 851
81 851
82 851
83 851
851 855
81 82
81 90
81 488
81 624
81 852
81 853
81 854
81 855
81 2493
82 855
90 308
90 502
90 505
90 552
90 641
90 742
90 830
90 886
90 974
90 977
90 978
90 1023
90 1032
90 1047
90 1091
90 1214
90 1232
90 1248
90 1346
90 1383
90 1877
90 1896
90 2004
90 2201
90 2310
90 2406
90 2712
90 3051
90 3073
90 3084
90 3106
90 3355
90 3422
90 3548
90 3674
90 4091
90 4152
90 4243
353 488
488 2170
488 3052
488 3787
83 852
214 852
215 852
852 986
852 2492
852 2493
853 1884
853 2782
854 1884
854 2782
83 215
84 306
84 1815
306 1346
306 1815
306 1816
306 1817
85 394
85 864
85 886
85 960
85 1063
85 3323
213 394
359 394
394 396
394 546
394 570
394 595
394 817
394 1204
394 1439
394 2063
86 864
864 983
864 1818
864 1819
864 1820
864 1821
864 1822
864 1823
864 1824
203 886
425 886
428 886
440 886
463 886
484 886
863 960
960 4253
106 1063
110 1063
237 1063
278 1063
364 1063
405 1063
586 1063
646 1063
708 1063
900 1063
958 1063
959 1063
969 1063
1009 1063
1010 1063
1017 1063
1063 2488
1063 3970
1063 4192
398 3323
483 3323
544 3323
979 3323
1303 3323
87 308
88 308
89 308
308 935
308 1211
308 1884
308 1885
88 499
88 1033
88 1196
88 2004
88 2189
88 2876
88 3882
88 3930
295 499
307 499
398 499
428 499
499 981
194 1033
425 1033
427 1033
457 1033
463 1033
569 1033
635 1033
677 1033
909 1033
910 1033
1033 1997
318 1196
433 1196
617 1196
800 1196
1124 1196
1196 1221
153 2004
159 2004
165 2004
184 2004
235 2004
398 2004
412 2004
425 2004
428 2004
463 2004
494 2004
617 2004
890 2004
127 2189
162 2189
375 2189
424 2189
602 2189
689 2189
690 2189
793 2189
1079 2189
1080 2189
1081 2189
345 2876
558 2876
720 2876
817 2876
1204 2876
1234 2876
108 3882
406 3882
437 3882
807 3882
1129 3882
1367 3882
419 3930
420 3930
507 3930
667 3930
702 3930
946 3930
1368 3930
1372 3930
428 502
502 595
502 614
502 981
321 505
373 505
483 505
505 509
505 544
505 614
505 981
548 552
552 1000
552 1002
552 1003
591 641
641 977
641 1896
641 2477
641 3115
641 3982
641 4184
602 742
211 830
318 830
337 830
345 830
646 830
658 830
830 835
830 991
830 1799
313 974
374 974
419 974
420 974
428 974
597 974
722 974
957 974
972 974
974 978
974 1896
974 3115
259 977
264 977
333 977
356 977
640 977
647 977
903 977
977 1031
977 1105
977 1228
977 1896
977 2477
425 978
551 978
667 978
722 978
901 978
978 1896
265 1023
307 1023
337 1023
382 1023
428 1023
509 1023
658 1023
695 1023
1023 1046
209 1032
307 1032
323 1032
333 1032
336 1032
363 1032
569 1032
908 1032
909 1032
910 1032
911 1032
1032 1997
127 1047
184 1047
194 1047
281 1047
316 1047
398 1047
425 1047
427 1047
458 1047
522 1047
610 1047
635 1047
1047 1061
1047 1166
1047 1167
1047 1168
1047 1169
1047 1170
334 1091
356 1091
467 1091
468 1091
597 1091
673 1091
901 1091
1091 1124
259 1214
671 1232
906 1232
1230 1232
597 1248
879 1248
1248 3115
122 1346
141 1346
199 1346
209 1346
307 1346
345 1346
361 1346
460 1346
461 1346
597 1346
1019 1346
1020 1346
264 1383
321 1383
483 1383
1207 1383
1209 1383
1383 4050
1383 4083
209 1877
307 1877
328 1877
333 1877
336 1877
361 1877
377 1877
633 1877
708 1877
892 1877
893 1877
904 1877
945 1877
105 1896
213 1896
313 1896
374 1896
405 1896
419 1896
420 1896
425 1896
427 1896
428 1896
467 1896
468 1896
469 1896
551 1896
572 1896
621 1896
647 1896
722 1896
744 1896
746 1896
901 1896
957 1896
972 1896
973 1896
975 1896
976 1896
264 2201
321 2201
346 2201
424 2201
609 2201
638 2201
1084 2201
1085 2201
328 2310
345 2310
590 2310
911 2310
1098 2310
212 2406
403 2406
409 2406
464 2406
209 2712
268 2712
269 2712
274 2712
277 2712
278 2712
316 2712
328 2712
461 2712
321 3051
370 3051
640 3051
321 3073
134 3084
321 3084
425 3106
979 3355
427 3422
459 3422
128 3548
129 3548
546 3548
560 3548
664 3548
1084 3548
841 3674
114 4091
544 4091
1389 4091
288 4152
325 4152
646 4152
1089 4152
1224 4152
427 4243
458 4243
494 4243
793 4243
91 374
92 374
93 374
374 439
374 535
374 654
374 953
374 968
374 970
374 973
374 1119
374 1149
374 1261
374 1319
374 1843
374 1887
374 1888
374 1889
374 1890
374 1891
374 1892
374 1893
374 1894
374 1895
93 958
93 1017
93 1148
93 1370
93 1444
93 1886
93 1890
93 4017
437 958
722 958
766 958
891 958
958 969
958 1361
958 3878
606 1017
900 1017
969 1017
1014 1017
1016 1017
979 1148
1148 1162
458 1370
602 1370
950 1370
1370 1380
237 1444
302 1444
382 1444
398 1444
419 1444
420 1444
433 1444
434 1444
435 1444
602 4017
94 991
94 995
350 991
762 991
991 995
991 1897
991 1898
991 1899
991 1901
991 1902
991 1903
991 1904
991 1905
991 1906
991 1907
991 1908
991 1909
991 1910
95 999
95 1000
96 1000
633 1000
822 1000
975 1000
1000 1028
1000 1074
1000 1234
1000 1932
1000 1933
1000 1934
1000 1935
1000 1936
1000 1937
1000 1938
1000 1939
1000 1940
1000 1941
1000 1942
1000 1943
1000 1944
1000 1945
1000 1946
1000 1947
96 1935
96 2365
237 2365
464 2365
1062 2365
97 1004
1004 1225
1004 1948
1004 1949
1004 1950
1004 1951
1004 1952
1004 1953
98 586
98 1977
99 586
100 586
101 586
102 586
103 586
104 586
105 586
106 586
107 586
108 586
109 586
110 586
111 586
389 586
586 763
586 1005
586 1006
586 1008
586 1009
586 1955
586 1956
586 1957
586 1958
586 1959
586 1960
586 1961
586 1962
586 1963
586 1964
586 1965
586 1966
586 1967
586 1968
586 1969
586 1970
586 1971
586 1972
586 1973
586 1974
586 1975
586 1976
586 1977
586 1978
586 1979
586 1980
586 1982
586 1983
586 1984
586 1985
586 1986
99 1977
101 1977
109 1977
99 1005
1005 1009
1005 1956
1005 1970
100 423
423 570
423 600
103 891
103 1149
789 891
848 891
891 959
891 1046
891 1847
450 1149
451 1149
667 1149
105 111
105 3750
105 3971
111 313
1060 3750
364 3971
789 3971
106 1361
313 1361
364 1361
600 1361
708 1361
959 1361
969 1361
1016 1361
1361 3876
107 1955
107 3825
674 3825
313 353
313 364
313 407
313 446
313 466
313 476
313 535
313 542
313 571
313 572
313 766
313 767
313 976
313 1013
313 1014
313 1058
313 1059
313 1066
313 1134
313 1155
313 1168
313 1191
313 1247
313 1267
313 1865
313 1895
313 2066
313 2067
313 2068
313 2069
313 2070
313 2071
313 2072
313 2073
313 2074
313 2075
313 2076
313 2077
313 2078
313 2079
313 2080
313 2081
313 2082
313 2083
313 2084
313 2085
313 2086
313 2087
313 2088
313 2089
313 2090
313 2091
313 2092
313 2093
313 2094
313 2095
313 2096
313 2097
313 2098
313 2099
313 2100
313 2101
313 2102
313 2103
313 2104
313 2105
313 2106
313 2107
313 2108
313 2109
313 2110
313 2111
313 2112
313 2114
313 2115
313 2117
313 2118
313 2119
313 2120
313 2121
313 2122
313 2123
313 2125
313 2127
313 2128
313 2129
313 2130
313 2131
313 2132
313 2133
313 2134
313 2135
313 2136
313 2137
313 2138
313 2139
313 2140
313 2141
313 2143
313 2144
313 2145
313 2146
313 2147
313 2148
313 2149
313 2150
313 2151
313 2152
112 587
113 587
114 587
587 764
587 1987
587 1988
587 1989
587 1990
587 1991
114 2927
114 3527
114 3535
114 4047
114 4048
114 4062
259 2927
264 2927
270 2927
413 3527
422 3527
1207 3527
1325 3527
278 3535
413 3535
422 3535
1325 3535
572 4047
602 4047
602 4048
483 4062
602 4062
116 310
117 310
310 1046
310 1882
1060 3744
117 1046
117 1167
199 1046
268 1046
274 1046
278 1046
295 1046
324 1046
333 1046
337 1046
342 1046
345 1046
361 1046
521 1046
590 1046
599 1046
752 1046
911 1046
1021 1046
1022 1046
1024 1046
1025 1046
1026 1046
1027 1046
259 1167
307 1167
331 1167
605 1167
658 1167
118 1653
118 2050
118 2921
118 3050
312 1653
355 1653
637 1653
675 1653
676 1653
312 2050
355 2050
168 2921
259 2921
264 2921
321 3050
337 3050
119 130
131 3682
354 3682
841 3682
125 2061
200 2061
201 2061
312 2061
355 2061
126 813
126 1538
126 1740
126 1793
373 813
375 813
237 1538
305 1538
373 1538
375 1538
404 1538
538 1538
539 1538
403 1740
409 1740
464 1740
479 1740
584 1793
127 1526
127 1810
127 1811
127 1830
127 2646
127 4116
127 4118
305 1526
425 1526
457 1526
265 1810
295 1810
298 1810
307 1810
382 1810
425 1810
428 1810
584 1810
845 1810
265 1811
295 1811
298 1811
319 1811
337 1811
356 1811
382 1811
428 1811
584 1811
843 1811
585 1830
793 1830
820 1830
821 1830
876 1830
878 1830
879 1830
794 2646
1162 2646
544 4116
544 4118
1393 4118
1394 4118
1395 4118
1396 4118
131 2345
464 2345
1128 2345
132 1019
132 2629
209 1019
1019 1345
1019 3121
1160 2629
136 314
137 314
137 3089
283 3089
321 3089
398 3089
1144 3089
138 662
138 771
138 1582
138 3515
139 662
140 662
662 1623
662 2243
662 2244
662 2245
662 2246
662 2247
139 771
140 771
211 771
317 771
387 771
392 771
734 771
771 1203
771 1762
139 1582
140 1582
305 1582
139 3515
140 3515
324 3515
142 1418
143 1418
144 1418
145 1418
146 1418
147 1418
148 1418
149 1418
150 1418
151 1418
152 1418
153 1418
154 1418
155 1418
156 1418
157 1418
158 1418
159 1418
145 1840
145 3285
307 1840
332 1840
334 1840
365 1840
619 1840
734 1840
880 1840
323 3285
333 3285
461 3285
480 3285
908 3285
153 470
153 2375
153 3114
159 470
184 470
194 470
404 470
425 470
470 507
470 646
470 665
470 669
470 670
470 1259
159 2375
194 2375
403 2375
409 2375
464 2375
738 2375
159 3114
425 3114
494 3114
1255 3114
159 3146
425 3146
426 3146
160 695
160 805
160 1101
160 1625
160 1626
381 695
674 695
695 3116
162 1101
166 1101
167 1101
171 1101
172 1101
677 1101
815 1101
162 1625
166 1625
171 1625
162 1626
166 1626
171 1626
162 1464
162 2046
162 2335
162 3864
302 1464
323 1464
332 1464
334 1464
361 1464
365 1464
403 1464
409 1464
461 1464
462 1464
478 1464
479 1464
480 1464
481 1464
483 1464
484 1464
166 2046
312 2046
355 2046
675 2046
1050 2046
1052 2046
464 2335
1079 2335
1125 2335
165 3864
166 3864
171 3864
674 3864
677 3864
1050 3864
165 1079
165 1296
165 1654
165 1785
305 1079
406 1079
534 1079
535 1079
536 1079
1079 1080
1079 3124
1079 4069
1079 4082
334 1296
403 1296
406 1296
409 1296
464 1296
677 1296
1296 3287
169 1654
171 1654
312 1654
355 1654
414 1654
637 1654
677 1654
678 1654
679 1654
680 1654
681 1654
682 1654
683 1654
677 1785
680 1785
815 1785
172 815
173 815
312 815
355 815
637 815
815 1049
815 1050
815 1051
815 2271
815 2272
815 2274
174 1104
175 1104
176 1104
177 1104
178 1104
179 1104
180 1104
181 1104
182 1104
1104 2275
1104 2276
175 3281
323 3281
608 3281
176 644
212 644
259 644
270 644
354 644
644 1241
644 1849
177 2867
177 4220
607 4220
178 181
183 1112
184 1112
185 1112
186 1112
187 1112
188 1112
189 1112
688 1112
1112 2306
184 403
184 859
184 1001
184 1743
184 2166
184 2413
184 3140
184 3441
338 403
403 467
403 468
403 732
403 734
403 825
403 1124
403 1439
403 1622
403 1686
403 1738
403 1739
403 1744
403 1881
403 1934
403 2002
403 2331
403 2378
403 2379
403 2383
403 2386
403 2387
403 2390
403 2391
403 2393
403 2394
403 2396
403 2397
403 2398
403 2399
403 2400
403 2401
403 2404
403 2405
403 2407
403 2409
403 2410
403 2411
403 2412
403 2413
403 2414
403 2415
403 2416
403 2417
403 2419
403 2420
403 2421
403 3867
403 3870
336 859
494 859
554 859
572 859
859 1106
859 1107
859 1108
859 1109
859 1280
859 1817
859 3135
332 1001
334 1001
365 1001
478 1001
602 1001
741 1001
1001 1080
1001 1124
1001 1934
194 2166
424 2166
194 2413
409 2413
464 2413
1134 2413
425 3140
674 3140
1311 3441
185 2230
424 2230
1092 2230
187 431
429 431
431 2306
189 1092
711 1092
1092 2399
190 1114
191 1114
192 1114
193 1114
194 1114
195 1114
196 1114
197 1114
198 1114
199 1114
200 1114
201 1114
202 1114
203 1114
204 1114
205 1114
206 1114
207 1114
208 1114
1114 2307
1114 2308
191 1421
191 3503
191 3504
259 1421
260 1421
261 1421
262 1421
263 1421
264 1421
265 1421
266 1421
267 1421
268 1421
269 1421
270 1421
271 1421
272 1421
273 1421
274 1421
275 1421
276 1421
277 1421
278 1421
279 1421
280 1421
281 1421
282 1421
283 1421
197 3503
199 3503
278 3503
324 3503
658 3503
1166 3503
192 3504
194 3504
197 3504
324 3504
194 570
194 576
194 1803
194 1804
194 1805
194 2104
194 2241
194 2630
194 2704
194 3121
194 3136
194 3499
194 3869
194 3950
194 4179
396 570
433 570
463 570
570 700
570 799
570 950
576 595
576 700
198 1803
404 1803
584 1803
197 1804
404 1804
584 1804
646 1804
819 1804
584 1805
626 1805
404 2104
444 2104
424 2241
315 2630
316 2704
425 3121
480 3121
527 3121
1018 3121
1020 3121
336 3136
365 3136
412 3136
425 3136
457 3136
462 3136
467 3136
468 3136
608 3136
800 3136
205 3499
264 3499
324 3499
1181 3499
437 3869
637 3869
678 3869
711 3869
717 3869
1270 3950
199 4179
209 4179
604 4179
199 738
199 887
199 1482
199 2398
199 2949
199 3282
328 738
332 738
333 738
334 738
336 738
348 738
365 738
424 738
462 738
463 738
478 738
483 738
484 738
738 752
738 1041
738 1042
324 887
461 887
484 887
529 887
530 887
741 887
887 890
887 1319
887 1320
887 1321
887 1322
887 1323
887 1324
517 1482
209 2398
289 2398
409 2398
464 2398
604 2398
658 2398
967 2398
1077 2398
320 2949
323 3282
911 3282
1276 3282
1291 3282
200 202
200 2796
200 2896
202 211
202 2796
202 2896
201 2796
396 2796
404 2796
595 2796
700 2796
201 2896
211 2896
259 2896
211 592
211 1018
211 1020
211 1310
211 1319
211 1875
211 2269
211 2897
211 3870
211 3876
211 4150
203 2103
203 2106
203 2887
445 2103
1059 2103
319 2887
205 1597
205 3500
205 3505
205 3523
208 1597
277 1597
278 1597
305 1597
324 1597
404 1597
324 3500
1318 3500
261 3505
268 3505
269 3505
274 3505
277 3505
278 3505
324 3505
324 3523
209 478
209 590
209 890
209 1839
209 1850
209 1881
209 2221
209 2311
209 2312
209 2320
209 2321
209 2903
348 478
451 478
478 604
478 1850
590 890
590 1110
590 1159
590 1164
590 1175
590 2309
590 2311
590 2312
590 2313
590 2314
590 2315
590 2316
590 2317
590 2318
590 2319
590 2320
590 2321
590 2322
590 2323
590 2324
590 2325
590 2326
590 2327
590 2328
356 890
890 1061
890 1115
890 1116
890 1847
890 1938
890 2289
890 2291
890 2300
890 2303
890 2313
890 2314
890 2316
890 2317
890 2320
890 2323
890 2698
890 2733
890 2738
307 1839
307 1850
328 1850
333 1850
892 1850
893 1850
894 1850
895 1850
896 1850
307 1881
316 1881
356 1881
382 1881
409 1881
464 1881
494 1881
554 1881
608 1881
635 1881
424 2221
1089 2221
328 2311
328 2320
1115 2320
1119 2320
1120 2320
356 2321
259 2903
1237 2903
210 531
210 591
531 628
531 640
531 783
531 873
531 1309
531 1310
531 1530
531 1552
531 1864
531 1868
531 2131
531 2149
531 2269
531 2270
531 2477
531 2891
531 3395
531 3401
531 3416
591 1140
591 1410
591 2269
591 2470
591 2471
591 2472
591 2473
591 2474
591 2475
591 2476
591 2477
591 2478
591 2479
591 2480
591 2481
591 2482
591 2483
591 2484
591 2485
591 2486
591 2487
591 2488
212 592
592 2489
592 2490
592 2491
307 1018
213 1020
404 1020
746 1020
892 1020
1020 1060
598 1310
640 1310
747 1310
869 1310
900 1310
1084 1310
1310 3415
382 1319
437 1319
606 1319
968 1319
970 1319
307 1875
291 2269
296 2269
348 2269
467 2269
468 2269
507 2269
598 2269
747 2269
869 2269
900 2269
259 2897
653 2897
409 3870
437 3870
365 3876
437 3876
451 3876
969 3876
325 4150
212 1374
212 3151
606 1374
640 1374
643 1374
903 1374
1374 1409
1374 1410
1374 3982
322 3151
548 3151
1230 3151
213 1419
213 2782
213 3970
260 2782
317 2782
343 2782
346 2782
643 2782
899 2782
328 3970
604 3970
661 3970
789 3970
811 3970
900 3970
1016 3970
1068 3970
214 906
214 1642
214 1864
214 2198
214 3007
214 3038
214 3044
264 1642
626 1642
673 1642
307 1864
319 1864
348 1864
747 1864
424 2198
321 3007
370 3007
373 3007
387 3007
638 3007
321 3038
1235 3038
321 3044
1252 3044
216 259
216 357
216 1555
216 1849
216 1892
216 2909
259 361
259 717
259 732
259 834
259 920
259 955
259 1026
259 1031
259 1170
259 1380
259 1382
259 1853
259 1863
259 1892
259 2063
259 2894
259 2895
259 2898
259 2899
259 2900
259 2901
259 2902
259 2904
259 2905
259 2906
259 2907
259 2909
259 2910
259 2912
259 2913
259 2914
259 2915
259 2916
259 2918
259 2919
259 2920
259 2922
259 2923
259 2924
259 2925
259 2926
259 2928
259 2929
259 2930
259 2931
259 2932
259 2933
259 2934
259 2937
259 2938
259 2939
259 2940
259 2941
259 2942
259 2943
315 357
325 357
357 1160
305 1555
468 1555
528 1555
542 1555
543 1555
307 1849
351 1849
264 1892
312 1892
355 1892
637 1892
899 1892
340 2909
343 2909
345 2909
351 2909
217 511
217 3699
511 964
511 989
511 2944
511 2945
511 2946
272 3699
281 3699
282 3699
433 3699
643 3699
841 3699
218 322
219 322
220 322
221 322
222 322
223 322
322 1215
322 3150
223 3727
1121 3727
224 1297
225 1297
226 1297
227 1297
228 1297
229 1297
230 1297
231 1297
232 1297
233 1297
234 1297
235 1297
236 1297
539 1297
778 1297
779 1297
1042 1297
1133 1297
1255 1297
1297 1298
1297 1333
1297 3289
1297 3290
1297 3291
1297 3292
1297 3293
1297 3294
1297 3295
1297 3296
1297 3297
1297 3298
1297 3299
1297 3300
1297 3301
1297 3302
1297 3303
1297 3304
1297 3306
1297 3307
1297 3308
231 3306
235 535
235 953
235 4050
307 535
339 535
375 535
425 535
535 946
535 947
535 948
535 949
535 3529
237 953
264 953
307 953
398 953
424 953
425 953
942 953
943 953
602 4050
1382 4050
237 439
237 979
237 1246
237 1439
237 1767
237 1891
237 2129
237 2524
237 2544
237 3835
237 4209
301 439
238 979
398 979
490 979
687 979
690 979
718 979
780 979
781 979
782 979
835 979
979 1069
979 1304
979 1305
979 1306
979 1308
979 1321
979 1411
979 2129
979 3313
979 3314
979 3315
979 3316
979 3317
979 3318
979 3319
979 3320
979 3321
979 3322
979 3324
979 3325
979 3326
979 3327
979 3328
979 3329
979 3330
979 3331
979 3332
979 3333
979 3334
979 3335
979 3336
979 3337
979 3338
979 3339
979 3340
979 3341
979 3342
979 3343
979 3344
979 3345
979 3346
979 3347
979 3348
979 3349
979 3350
979 3351
979 3352
979 3353
979 3354
979 3356
979 3357
979 3358
979 3359
979 3360
979 3361
979 3362
979 3363
979 3365
607 1246
1245 1246
1246 1411
1246 2994
1246 3004
1246 4205
302 1439
399 1439
401 1439
402 1439
404 1439
405 1439
406 1439
407 1439
408 1439
409 1439
342 1767
364 1767
375 1767
404 1767
405 1767
433 1767
900 1891
375 2524
404 2524
1152 2524
1153 2524
375 2544
754 2544
674 3835
435 4209
607 4209
238 507
507 1366
507 1601
507 2252
507 2303
507 3316
507 3920
507 3921
507 3922
507 3923
507 3924
507 3925
507 3926
507 3927
507 3928
507 3929
507 3931
507 3932
507 3933
239 582
240 582
241 582
242 582
243 582
244 582
245 582
246 582
247 582
248 582
249 582
250 582
251 582
582 651
582 657
582 1619
582 1620
582 3366
240 564
240 1762
564 783
564 1762
405 1762
452 1762
456 1762
481 1762
540 1762
754 1762
755 1762
756 1762
757 1762
758 1762
759 1762
761 1762
762 1762
763 1762
764 1762
766 1762
767 1762
768 1762
769 1762
772 1762
773 1762
774 1762
775 1762
776 1762
777 1762
778 1762
779 1762
780 1762
781 1762
782 1762
783 1762
784 1762
785 1762
786 1762
787 1762
788 1762
250 657
292 657
549 657
648 657
649 657
650 657
651 657
252 1420
253 1420
254 1420
253 1601
253 4093
305 1601
554 1601
544 4093
254 4231
607 4231
255 762
255 880
255 2343
255 3493
255 3496
255 3566
762 994
256 880
257 880
258 880
880 3489
880 3490
880 3491
880 3492
880 3493
880 3494
880 3495
880 3496
258 2343
464 2343
734 2343
1315 3493
257 3496
258 3496
1315 3496
1316 3496
700 3566
257 3495
258 3495
1315 3495
1316 3495
1317 3495
258 1315
258 3713
363 1315
700 1315
527 3713
1345 3713
264 361
361 976
834 1799
270 920
920 1863
270 955
323 955
325 1026
520 1026
264 1031
1031 1996
307 1380
318 1380
950 1380
270 1382
1209 1382
1239 1382
1382 4083
307 1853
841 1853
912 1853
270 1863
307 1863
327 1863
333 1863
397 1863
643 1863
917 1863
918 1863
921 1863
312 2063
355 2063
397 2063
264 2894
841 2898
270 2901
270 2902
268 2905
269 2905
270 2905
274 2905
277 2905
278 2905
324 2905
1098 2905
270 2906
264 2907
270 2910
264 2912
270 2912
264 2913
264 2914
1238 2915
373 2918
264 2919
264 2920
264 2922
270 2922
623 2922
270 2925
264 2929
354 2929
270 2932
264 2933
264 2934
264 2939
270 2941
264 2942
270 2942
260 1021
260 3432
262 1021
272 1021
283 1021
317 1021
461 1021
515 1021
519 1021
520 1021
521 1021
522 1021
1311 3432
264 1083
264 2705
264 4109
424 1083
514 1083
1083 2195
316 2705
1171 2705
1172 2705
544 4109
643 4109
653 4109
1035 4109
265 1189
265 1862
265 2193
298 1189
316 1189
337 1189
375 1189
382 1189
425 1189
428 1189
544 1189
572 1189
584 1189
658 1189
793 1189
843 1189
844 1189
1124 1189
268 1862
269 1862
274 1862
277 1862
278 1862
321 1862
398 1862
519 1862
602 1862
789 1862
915 1862
916 1862
337 2193
351 2193
424 2193
899 2193
266 1647
375 1647
425 1647
267 3690
841 3690
268 3506
268 3957
269 3506
274 3506
277 3506
278 3506
324 3506
274 3957
278 3957
789 3957
850 3957
885 3957
1320 3957
269 812
519 812
595 812
272 2170
272 3310
337 2170
424 2170
673 2170
280 3310
281 3310
282 3310
1300 3310
277 764
278 1147
278 1203
278 1893
278 3284
278 3509
278 3510
278 3511
278 3513
324 1147
1147 1204
324 1203
382 1893
969 1893
971 1893
323 3284
324 3284
327 3284
333 3284
335 3284
336 3284
1089 3284
1162 3284
1292 3284
1293 3284
1294 3284
324 3509
324 3510
324 3511
324 3513
281 842
281 3691
307 842
646 3691
841 3691
318 359
359 558
359 899
312 709
355 709
673 709
321 1158
309 1920
345 1951
348 1951
340 2862
398 2862
1180 2862
1229 2862
321 3070
603 4175
1292 4175
285 512
512 964
512 989
512 1243
512 2944
286 1270
1270 3182
1270 3934
1270 3935
1270 3936
1270 3937
1270 3938
1270 3939
1270 3940
1270 3941
1270 3942
1270 3943
1270 3944
1270 3945
1270 3946
1270 3947
1270 3948
1270 3949
1270 3951
1270 3952
1270 3953
1270 3954
287 604
288 604
289 604
604 647
604 3115
604 3966
604 4180
288 1859
307 1859
290 605
290 4188
291 605
292 605
293 605
294 605
295 605
296 605
297 605
605 1408
605 4186
605 4187
605 4188
605 4189
605 4190
292 4188
291 293
291 748
291 2843
291 2857
293 294
293 296
293 748
293 1227
293 2857
294 748
296 748
551 748
598 748
628 748
629 748
630 748
640 748
661 748
747 748
294 2857
296 2857
469 2857
900 2857
1227 2857
292 3401
551 3401
598 3401
628 3401
629 3401
630 3401
747 3401
867 3401
294 348
294 1798
469 1227
661 1227
348 628
348 870
348 876
348 976
348 1309
348 1403
348 1712
348 1835
348 2477
348 3395
527 1798
584 1798
768 1798
820 1798
821 1798
822 1798
823 1798
824 1798
825 1798
826 1798
827 1798
828 1798
295 1391
295 1921
544 1391
1263 1391
1391 4127
1391 4253
309 1921
318 1921
298 326
298 1168
298 2850
298 3141
298 3623
298 3660
299 326
300 326
356 1168
425 1168
658 1168
1060 1168
1061 1168
646 2850
425 3141
428 3141
494 3141
527 3141
633 3141
948 3141
1264 3141
363 3623
474 3623
544 3623
700 3623
1078 3623
1334 3623
1335 3623
700 3660
299 1262
299 1290
299 1415
299 1511
299 3264
299 3265
299 3266
299 3267
299 3268
299 3269
299 3271
299 3272
299 4253
300 1262
323 1262
433 1262
1262 1263
1262 1289
1262 3135
300 1290
494 1290
1290 3271
300 1415
425 1415
494 1415
509 1415
1415 4253
300 1511
305 1511
300 3264
323 3264
300 3265
323 3265
300 3266
323 3266
300 3267
323 3267
494 3267
300 3268
323 3268
300 3269
323 3269
300 3271
323 3271
300 3272
323 3272
398 3272
300 4253
427 4253
458 4253
483 4253
965 4253
1414 4253
300 1871
300 3263
615 1871
944 1871
323 3263
1286 3263
1287 3263
1288 3263
301 438
301 1422
301 1423
301 1424
301 1425
301 1426
301 1428
301 1429
301 1430
301 1431
301 1432
301 1433
301 1435
301 1437
370 438
372 438
373 438
364 1430
365 1433
380 1437
381 1437
382 1437
302 429
302 474
302 566
302 665
302 1295
302 1327
302 1351
302 1441
302 1442
302 1443
302 1445
302 1446
302 1447
302 1448
302 1449
302 1450
302 1451
302 1452
302 1453
302 1454
302 1455
302 1456
302 1457
302 1458
302 1459
302 1460
302 1461
302 1463
474 2232
317 566
365 566
411 566
412 566
323 665
332 665
334 665
365 665
397 665
459 665
460 665
461 665
462 665
665 2382
432 1295
1295 3286
333 1327
334 1327
444 1327
472 1327
473 1327
1327 3529
1124 1351
432 1442
398 1450
436 1453
432 1454
436 1456
435 1457
412 1458
305 1460
334 1460
457 1460
458 1460
332 1463
334 1463
365 1463
514 1472
305 402
305 475
305 541
305 756
305 757
305 758
305 1022
305 1184
305 1283
305 1352
305 1486
305 1487
305 1488
305 1489
305 1490
305 1491
305 1492
305 1493
305 1494
305 1495
305 1496
305 1497
305 1498
305 1499
305 1500
305 1501
305 1502
305 1503
305 1504
305 1505
305 1506
305 1507
305 1508
305 1509
305 1510
305 1512
305 1513
305 1514
305 1515
305 1516
305 1517
305 1518
305 1519
305 1520
305 1521
305 1522
305 1523
305 1524
305 1525
305 1527
305 1528
305 1529
305 1530
305 1531
305 1532
305 1533
305 1534
305 1535
305 1536
305 1537
305 1539
305 1540
305 1541
305 1542
305 1543
305 1544
305 1545
305 1546
305 1547
305 1548
305 1549
305 1550
305 1551
305 1552
305 1553
305 1554
305 1556
305 1557
305 1558
305 1559
305 1560
305 1561
305 1562
305 1563
305 1564
305 1565
305 1566
305 1567
305 1568
305 1569
305 1570
305 1571
305 1572
305 1573
305 1574
305 1575
305 1576
305 1577
305 1578
305 1579
305 1580
305 1581
305 1583
305 1584
305 1585
305 1586
305 1587
305 1588
305 1589
305 1590
305 1591
305 1592
305 1593
305 1594
305 1595
305 1596
305 1598
305 1599
305 1604
305 1605
305 1606
305 1607
305 1608
305 1609
305 1610
305 1611
305 1612
305 1613
305 1614
402 527
541 1546
1124 1184
1108 1283
1109 1283
1124 1352
467 1510
468 1510
487 1521
528 1521
364 1523
529 1529
530 1529
404 1532
532 1532
373 1539
375 1539
540 1539
364 1558
428 1560
404 1595
444 1595
517 1611
323 1817
860 1817
861 1817
862 1817
307 349
307 387
307 388
307 472
307 484
307 498
307 500
307 557
307 722
307 737
307 885
307 905
307 922
307 961
307 972
307 984
307 1002
307 1045
307 1190
307 1253
307 1414
307 1836
307 1837
307 1838
307 1841
307 1842
307 1843
307 1844
307 1845
307 1846
307 1847
307 1848
307 1851
307 1854
307 1855
307 1856
307 1860
307 1865
307 1866
307 1867
307 1868
307 1869
307 1870
307 1873
307 1874
307 1876
307 1878
307 1880
307 1882
307 1883
349 1041
369 387
387 416
387 1211
375 472
451 472
472 949
472 951
323 484
424 484
461 484
484 496
484 739
484 741
484 885
373 498
483 498
498 981
398 500
496 500
500 981
557 561
557 2872
416 722
450 722
451 722
722 959
722 2528
722 2611
509 885
885 3955
544 905
922 1211
602 984
1124 1190
551 1253
336 1414
965 1414
640 1837
425 1843
428 1843
889 1843
338 1844
643 1844
614 1846
614 1847
639 1847
900 1851
321 1854
841 1854
913 1854
914 1854
747 1868
425 1873
793 1873
425 1876
957 1876
332 1880
336 1880
318 1882
935 1211
327 1211
827 1211
923 1211
936 1211
939 1211
327 1884
918 1884
966 1885
309 1363
309 1916
309 1917
309 1918
309 1919
309 1924
309 1926
309 1927
309 1928
309 1929
309 1930
309 1931
1363 3879
325 1916
311 1997
312 378
312 406
312 809
312 899
312 1056
312 1683
312 1789
312 2031
312 2032
312 2033
312 2034
312 2035
312 2037
312 2038
312 2040
312 2041
312 2042
312 2043
312 2044
312 2047
312 2048
312 2049
312 2051
312 2052
312 2053
312 2054
312 2055
312 2056
312 2057
312 2059
312 2062
312 2064
355 378
378 675
378 816
378 1053
355 406
406 637
406 809
406 1188
406 1683
355 809
637 809
698 809
809 1055
355 899
899 921
899 2059
899 2826
899 3081
899 3968
355 1056
637 1056
342 1683
355 1683
437 1683
637 1683
678 1683
698 1683
355 1789
816 1789
355 2034
355 2035
637 2035
675 2035
355 2037
355 2038
355 2040
355 2041
355 2042
355 2043
637 2043
355 2044
637 2044
355 2047
355 2048
675 2048
355 2049
355 2052
355 2053
317 2054
355 2054
424 2054
1054 2054
355 2055
355 2056
355 2057
321 2059
355 2059
637 2059
355 2062
637 2062
355 2064
1057 2064
316 353
337 353
345 353
353 546
353 614
353 811
364 969
364 2488
364 4192
435 466
466 670
572 780
572 2463
572 3877
766 959
602 767
354 976
622 976
976 2477
1058 2068
1066 2136
1267 3148
365 2077
328 2082
1016 2082
363 2102
404 2102
1044 2105
351 2111
375 2128
1064 2128
1065 2128
747 2131
712 2133
810 2143
900 2143
1060 2143
1068 2143
1069 2146
747 2149
810 2149
957 2149
1011 2150
467 2152
468 2152
469 2152
901 2152
945 2152
1070 2152
1071 2152
315 1025
315 2631
315 2632
316 367
316 382
316 529
316 530
316 538
316 642
316 731
316 826
316 970
316 1041
316 1116
316 1117
316 1118
316 1138
316 1165
316 1169
316 1173
316 1176
316 1177
316 1178
316 1320
316 2285
316 2303
316 2319
316 2698
316 2699
316 2700
316 2701
316 2702
316 2703
316 2706
316 2707
316 2708
316 2709
316 2710
316 2711
316 2713
316 2714
316 2715
316 2716
316 2717
316 2718
316 2719
316 2720
316 2721
316 2722
316 2723
316 2724
316 2725
316 2726
316 2727
316 2728
316 2729
316 2730
316 2731
316 2732
316 2733
316 2734
316 2735
316 2736
316 2737
316 2738
316 2739
316 2740
316 2741
316 2742
316 2743
316 2744
316 2745
316 2746
316 2747
316 2748
316 2749
316 2750
316 2751
316 2752
316 2753
316 2754
316 2755
316 2756
316 2757
316 2758
367 1176
380 382
382 968
382 970
382 1119
382 1261
382 2750
382 4128
382 4194
382 4198
530 1165
538 2622
538 3867
731 1117
968 970
969 970
1117 2314
1118 2316
1138 2443
1138 2758
1169 1175
1173 2719
1177 2758
1178 2758
789 1320
554 2285
554 2303
356 2698
673 2698
1164 2701
1011 2702
711 2717
1174 2727
437 2750
317 409
317 521
317 522
317 553
317 749
317 1195
317 1406
317 2760
317 2764
317 2767
317 2770
317 2771
317 2773
317 2774
317 2775
317 2776
317 2777
317 2779
317 2780
317 2781
317 2783
317 2785
317 2786
317 2787
317 2789
317 2790
409 825
409 1124
409 1622
409 1686
409 1738
409 1739
409 1744
409 1934
409 2002
409 2331
409 2378
409 2379
409 2383
409 2386
409 2387
409 2390
409 2391
409 2393
409 2394
409 2396
409 2397
409 2399
409 2400
409 2401
409 2404
409 2405
409 2407
409 2409
409 2410
409 2411
409 2412
409 2414
409 2415
409 2416
409 2417
409 2419
409 2420
409 2421
409 3867
522 635
553 1403
397 749
749 1182
749 1754
749 4189
585 1406
1406 4189
658 2771
704 2773
705 2773
907 2787
318 643
318 670
318 844
318 1365
318 2814
318 2815
318 2816
318 2819
318 2820
318 2822
318 2824
318 2825
318 2826
318 2827
318 2828
318 2829
318 2830
318 2831
318 2832
318 2833
318 2834
318 2835
318 2836
318 2837
318 2838
318 2839
318 2840
318 2841
471 670
1365 3879
823 2824
1089 2824
998 2830
1222 2830
1223 2833
607 2836
625 2840
817 2840
1224 2840
319 716
319 827
319 939
319 950
319 1035
319 2881
319 2882
319 2885
319 2886
319 2888
319 2889
319 2890
319 2891
319 2892
319 2893
721 1035
1035 1999
1035 3561
1035 4106
1035 4112
320 2947
320 2948
320 2950
320 2951
320 2952
328 2952
892 2952
904 2952
321 368
321 370
321 421
321 452
321 772
321 773
321 774
321 775
321 776
321 798
321 879
321 992
321 1236
321 1245
321 1249
321 1252
321 2877
321 2953
321 2954
321 2955
321 2956
321 2957
321 2958
321 2959
321 2960
321 2961
321 2963
321 2964
321 2965
321 2966
321 2967
321 2968
321 2969
321 2970
321 2971
321 2972
321 2973
321 2974
321 2975
321 2976
321 2977
321 2978
321 2979
321 2980
321 2981
321 2982
321 2983
321 2984
321 2985
321 2986
321 2987
321 2988
321 2989
321 2990
321 2991
321 2992
321 2993
321 2994
321 2995
321 2996
321 2997
321 2998
321 2999
321 3000
321 3001
321 3002
321 3003
321 3004
321 3005
321 3006
321 3008
321 3009
321 3010
321 3011
321 3012
321 3013
321 3014
321 3015
321 3016
321 3017
321 3018
321 3019
321 3020
321 3021
321 3022
321 3023
321 3024
321 3025
321 3026
321 3027
321 3028
321 3029
321 3030
321 3031
321 3032
321 3033
321 3034
321 3035
321 3036
321 3037
321 3040
321 3041
321 3042
321 3043
321 3045
321 3046
321 3047
321 3049
321 3052
321 3053
321 3054
321 3056
321 3057
321 3058
321 3059
321 3060
321 3061
321 3062
321 3063
321 3064
321 3065
321 3067
321 3068
321 3069
321 3071
321 3072
321 3074
321 3075
321 3076
321 3077
321 3078
321 3080
321 3081
321 3082
321 3083
321 3085
321 3087
321 3088
321 3091
321 3092
321 3093
321 3094
321 3095
321 3096
321 3097
368 369
368 1245
368 2969
368 4225
370 3020
370 3088
370 4205
452 1249
452 1250
774 1145
992 1898
992 4170
992 4177
993 1236
1245 1250
1245 2972
1245 2973
1245 3004
1245 4227
1249 3004
607 2987
469 2992
483 3013
639 3063
343 3088
323 471
323 473
323 860
323 861
323 1003
323 1048
323 1107
323 1108
323 1276
323 1277
323 1278
323 1279
323 1284
323 1285
323 1286
323 1289
323 1413
323 3236
323 3237
323 3238
323 3239
323 3240
323 3241
323 3242
323 3243
323 3244
323 3245
323 3246
323 3247
323 3248
323 3249
323 3250
323 3251
323 3252
323 3253
323 3254
323 3255
323 3256
323 3257
323 3258
323 3259
323 3260
323 3261
323 3262
323 3270
323 3273
323 3274
323 3275
323 3276
323 3277
323 3278
323 3279
323 3280
323 3283
323 3286
323 3287
323 3288
461 471
471 481
471 619
332 473
473 689
473 691
459 860
860 1109
860 1280
860 1281
860 3135
861 3251
336 1108
1108 1281
1108 1284
1108 1285
1276 1279
1276 3236
1276 3238
1276 3239
1277 1278
1277 1279
1278 1279
1279 3236
1279 3241
425 1284
1109 1284
1109 1413
336 3244
332 3280
333 3286
333 3287
459 3287
460 3287
911 3287
397 3288
460 3288
461 3288
324 915
324 1197
324 1238
324 3497
324 3498
324 3501
324 3502
324 3507
324 3512
324 3514
324 3516
324 3517
324 3518
324 3519
324 3520
324 3521
324 3522
324 3524
324 3525
324 3526
345 1197
351 1197
517 1197
519 1197
1181 3498
345 3516
1180 3526
325 581
325 903
325 1105
325 1228
325 2248
325 2477
325 4136
325 4137
325 4138
325 4139
325 4140
325 4141
325 4142
325 4143
325 4144
325 4145
325 4146
325 4147
325 4148
325 4149
325 4151
325 4153
325 4154
325 4155
893 1105
479 2248
811 2248
467 2477
468 2477
640 2477
647 2477
900 2477
901 2477
1070 2477
1145 4139
640 4148
328 892
328 1986
328 2243
328 2289
328 2304
328 2314
328 2317
892 945
892 996
892 2309
606 1986
1098 2243
554 2289
554 2304
1011 2314
330 2333
337 2333
464 2333
608 2333
332 1042
334 1042
365 1042
1042 1298
333 893
333 2407
333 4089
333 4246
467 893
468 893
554 893
893 901
464 2407
457 4089
544 4089
427 4246
334 2467
464 2467
336 3115
425 3115
427 3115
459 3115
467 3115
468 3115
494 3115
597 3115
647 3115
1070 3115
1256 3115
337 3630
700 3630
1183 3630
339 1799
584 1799
829 1799
832 1799
833 1799
835 1799
836 1799
837 1799
838 1799
839 1799
340 2858
342 4023
602 4023
343 2849
469 2849
345 1949
345 2811
461 1949
997 1949
595 2811
444 584
584 761
584 819
584 843
584 1792
584 1794
584 1795
584 1796
584 1797
584 1801
584 1802
584 1806
584 1807
584 1808
584 1809
584 1812
584 1813
584 1814
646 1796
646 2614
646 3443
841 911
841 914
841 1222
841 3668
841 3669
841 3670
841 3671
841 3672
841 3673
841 3675
841 3676
841 3677
841 3679
841 3680
841 3681
841 3683
841 3684
841 3685
841 3686
841 3687
841 3688
841 3689
841 3692
841 3693
841 3694
841 3696
841 3697
841 3698
841 3700
841 3701
841 3702
841 3703
628 747
628 820
628 867
628 1835
585 870
598 870
820 870
821 870
869 870
870 1828
870 1831
821 876
876 878
876 1828
876 1832
598 1309
747 1309
1403 4189
585 1835
629 1835
630 1835
661 1835
598 3395
546 729
614 3740
811 3936
356 554
356 1061
356 1110
356 2281
356 2299
554 832
554 1061
554 1064
554 1106
554 1115
554 1174
554 1192
554 1371
554 2277
554 2278
554 2279
554 2280
554 2281
554 2282
554 2283
554 2284
554 2286
554 2287
554 2288
554 2290
554 2291
554 2292
554 2293
554 2294
554 2295
554 2296
554 2297
554 2298
554 2299
554 2300
554 2301
554 2302
945 1061
558 1226
558 2844
558 2845
558 2846
558 2847
558 2851
558 2852
558 2866
558 2873
558 2874
558 2875
360 671
671 2851
671 2868
671 2873
671 2874
671 2875
363 700
363 909
363 1044
363 1272
363 1336
363 2027
363 3568
363 3590
363 3591
363 3632
363 3634
363 3661
363 4210
445 700
453 700
686 700
700 785
700 786
700 836
700 909
700 910
700 1044
700 1057
700 1126
700 1141
700 1272
700 1334
700 1336
700 1338
700 1339
700 1340
700 1341
700 1342
700 1362
700 2217
700 2492
700 2498
700 3565
700 3567
700 3568
700 3569
700 3570
700 3571
700 3572
700 3573
700 3574
700 3575
700 3576
700 3577
700 3578
700 3579
700 3580
700 3581
700 3582
700 3583
700 3584
700 3585
700 3586
700 3587
700 3588
700 3589
700 3590
700 3591
700 3592
700 3593
700 3594
700 3595
700 3596
700 3597
700 3598
700 3599
700 3600
700 3601
700 3602
700 3603
700 3604
700 3605
700 3606
700 3607
700 3608
700 3609
700 3611
700 3612
700 3613
700 3614
700 3615
700 3616
700 3617
700 3618
700 3619
700 3620
700 3621
700 3622
700 3624
700 3625
700 3626
700 3627
700 3628
700 3629
700 3631
700 3632
700 3633
700 3634
700 3635
700 3636
700 3637
700 3639
700 3640
700 3641
700 3642
700 3643
700 3644
700 3645
700 3646
700 3647
700 3648
700 3649
700 3650
700 3651
700 3652
700 3653
700 3654
700 3655
700 3656
700 3657
700 3658
700 3659
700 3661
700 3662
700 3663
700 3664
700 3665
700 3666
700 3667
909 1078
1044 2020
1044 3617
1044 3618
1272 3199
1272 3568
1034 1336
1038 1336
1336 3624
1336 3654
463 2027
1078 3634
607 4210
606 4192
626 4192
365 1090
365 1665
365 2518
365 2618
365 4082
375 1090
381 1090
602 1665
687 1665
375 2518
375 2618
451 2618
453 2618
957 2618
427 4082
544 4082
793 4082
369 607
369 4206
380 1357
375 381
381 701
381 1150
381 1357
373 437
437 838
437 839
437 907
437 968
437 1124
437 1205
437 1218
437 1360
437 1362
437 1366
437 1368
437 2012
437 3867
437 3868
437 3872
437 3873
437 3874
437 3875
437 3877
437 3878
437 3879
437 3880
437 3881
437 3884
437 3885
437 3886
437 3888
437 3890
437 3891
437 3892
437 3893
437 3894
437 3895
437 3896
437 3897
437 3898
437 3899
437 3900
437 3901
437 3902
437 3903
437 3904
437 3905
437 3906
437 3907
437 3908
437 3909
437 3910
440 493
442 462
442 1638
442 1678
442 1681
442 2175
442 3424
442 3487
445 463
445 545
445 595
445 601
445 1034
424 447
447 1093
447 1094
424 448
449 2305
375 450
450 714
450 1162
450 2227
375 451
451 714
451 1213
451 1655
416 453
453 1655
455 607
456 607
456 1124
456 1411
607 4225
514 607
607 943
607 1039
607 1077
607 1201
607 1202
607 1221
607 1250
607 4170
607 4199
607 4200
607 4201
607 4202
607 4203
607 4205
607 4206
607 4207
607 4208
607 4211
607 4212
607 4213
607 4214
607 4215
607 4216
607 4217
607 4218
607 4219
607 4221
607 4222
607 4224
607 4226
607 4227
607 4229
607 4230
607 4232
607 4233
607 4234
607 4235
607 4236
607 4237
607 4238
607 4239
607 4240
607 4241
607 4242
620 4206
400 544
510 544
544 721
544 965
544 1076
544 1082
544 1095
544 1096
544 1097
544 1132
544 1200
544 1220
544 1229
544 1263
544 1303
544 1392
544 2240
544 3135
544 4072
544 4073
544 4075
544 4076
544 4077
544 4078
544 4079
544 4080
544 4081
544 4083
544 4084
544 4085
544 4086
544 4087
544 4090
544 4092
544 4094
544 4095
544 4096
544 4097
544 4098
544 4099
544 4100
544 4101
544 4102
544 4103
544 4104
544 4105
544 4106
544 4107
544 4108
544 4110
544 4111
544 4112
544 4113
544 4114
544 4117
544 4119
544 4120
544 4121
544 4122
544 4123
544 4124
544 4125
544 4126
544 4127
544 4128
544 4129
544 4131
544 4132
544 4133
544 4134
544 4135
1224 3686
373 602
373 1065
373 1209
373 1301
373 2543
373 2798
373 4084
435 602
492 602
536 602
602 691
602 692
602 693
602 694
602 743
602 793
602 916
602 990
602 1081
602 1209
602 1294
602 1325
602 1378
602 1379
602 1384
602 3353
602 3529
602 3947
602 3985
602 3986
602 3987
602 3988
602 3990
602 3991
602 3992
602 3993
602 3994
602 3995
602 3996
602 3997
602 3998
602 3999
602 4000
602 4001
602 4002
602 4003
602 4005
602 4006
602 4009
602 4010
602 4011
602 4012
602 4013
602 4014
602 4015
602 4016
602 4018
602 4019
602 4020
602 4021
602 4022
602 4024
602 4025
602 4026
602 4027
602 4028
602 4029
602 4030
602 4031
602 4032
602 4033
602 4034
602 4035
602 4036
602 4037
602 4038
602 4039
602 4040
602 4041
602 4042
602 4043
602 4044
602 4045
602 4046
602 4049
602 4051
602 4052
602 4053
602 4054
602 4055
602 4056
602 4057
602 4058
602 4059
602 4060
602 4061
602 4063
602 4064
602 4065
602 4066
602 4067
602 4068
602 4069
602 4070
602 4071
595 1065
1065 1205
1209 3529
780 1301
375 2543
404 2543
595 2798
907 2798
483 4084
654 967
654 1618
968 1261
968 3962
626 1119
1261 3126
375 392
375 713
375 714
375 1080
375 1137
375 1162
375 1194
375 2167
375 2286
375 2443
375 2457
375 2498
375 2499
375 2500
375 2501
375 2502
375 2503
375 2504
375 2505
375 2506
375 2507
375 2508
375 2509
375 2510
375 2511
375 2512
375 2513
375 2514
375 2515
375 2516
375 2517
375 2519
375 2520
375 2521
375 2522
375 2523
375 2525
375 2526
375 2527
375 2528
375 2529
375 2530
375 2531
375 2532
375 2533
375 2534
375 2535
375 2536
375 2538
375 2539
375 2540
375 2541
375 2545
375 2546
375 2547
375 2548
375 2549
375 2551
375 2552
375 2553
375 2554
375 2555
375 2556
375 2557
375 2558
375 2559
375 2560
375 2561
375 2562
375 2563
375 2564
375 2565
375 2566
375 2567
375 2568
375 2569
375 2570
375 2571
375 2572
375 2573
375 2574
375 2575
375 2576
375 2577
375 2578
375 2579
375 2580
375 2581
375 2582
375 2583
375 2584
375 2585
375 2586
375 2587
375 2588
375 2589
375 2590
375 2591
375 2592
375 2593
375 2594
375 2595
375 2596
375 2597
375 2599
375 2600
375 2601
375 2602
375 2603
375 2604
375 2605
375 2606
375 2607
375 2608
375 2609
375 2610
375 2611
375 2612
375 2613
375 2614
375 2615
375 2616
375 2617
375 2620
375 2621
375 2622
375 2623
375 2624
375 2625
375 2626
375 2627
375 2628
620 1080
1137 2443
1137 2530
1137 2547
1137 2553
1137 2569
1137 2583
1137 2594
1137 2600
1137 2625
1124 1194
424 2167
481 2167
674 2286
464 2443
464 2457
1151 2522
1154 2530
434 2570
620 2581
698 2603
1159 2603
425 2612
428 2612
701 2622
1064 2625
675 3859
379 789
379 3982
580 789
741 789
789 792
789 796
789 850
789 959
789 971
789 1010
789 1027
789 1322
789 1323
789 3955
789 3956
789 3958
789 3959
789 3960
789 3961
789 3962
789 3963
789 3964
789 3965
789 3966
789 3967
789 3968
789 3969
789 3972
789 3973
789 3974
789 3975
789 3976
789 3977
789 3978
789 3979
789 3980
789 3981
789 3982
405 3982
647 3982
711 3982
793 3982
1027 3982
464 1357
1124 1357
1135 1357
701 2440
701 3537
428 4128
606 4194
405 4198
469 4198
606 4198
416 620
416 2217
390 464
391 464
464 825
464 1030
464 1102
464 1135
464 1154
464 1193
464 1280
464 1355
464 1356
464 1358
464 1641
464 1739
464 1934
464 2002
464 2168
464 2329
464 2330
464 2331
464 2332
464 2334
464 2342
464 2354
464 2364
464 2370
464 2371
464 2376
464 2377
464 2378
464 2379
464 2380
464 2382
464 2383
464 2385
464 2386
464 2387
464 2388
464 2389
464 2390
464 2391
464 2393
464 2394
464 2396
464 2397
464 2399
464 2400
464 2401
464 2404
464 2405
464 2409
464 2410
464 2411
464 2412
464 2414
464 2415
464 2416
464 2417
464 2419
464 2420
464 2421
464 2422
464 2423
464 2424
464 2425
464 2426
464 2427
464 2428
464 2429
464 2430
464 2431
464 2432
464 2433
464 2434
464 2435
464 2436
464 2437
464 2438
464 2439
464 2440
464 2441
464 2442
464 2444
464 2445
464 2446
464 2447
464 2448
464 2449
464 2450
464 2451
464 2452
464 2453
464 2454
464 2455
464 2456
464 2458
464 2459
464 2460
464 2461
464 2462
464 2463
464 2464
464 2465
464 2466
464 2468
464 2469
622 647
396 1744
395 595
595 795
595 908
595 936
595 1213
595 1254
595 1364
595 2792
595 2793
595 2794
595 2795
595 2797
595 2799
595 2800
595 2801
595 2802
595 2803
595 2804
595 2805
595 2806
595 2807
595 2808
595 2809
595 2810
595 2812
595 2813
817 1790
594 1204
1145 1204
1146 1204
549 1744
635 1744
397 1904
398 1736
398 1739
398 3987
398 4014
398 4239
673 1736
690 3987
399 1060
399 3867
430 1060
1060 2300
1060 3733
1060 3734
1060 3735
1060 3736
1060 3737
1060 3738
1060 3739
1060 3740
1060 3742
1060 3745
1060 3746
1060 3747
1060 3748
1060 3749
1060 3751
1060 3752
1060 3753
401 3867
433 3867
519 3867
706 3867
718 3867
1088 3867
527 1622
527 1679
527 1745
467 2417
467 3181
468 2417
468 3181
734 3491
405 1124
514 1124
780 1124
1124 1154
1124 1185
1124 1188
1124 1193
1124 1250
1124 1353
1124 1355
1124 1356
1124 1358
1124 1360
661 1622
698 1686
728 1738
463 2002
746 2379
494 2396
1132 2397
412 2399
425 2399
465 2399
428 2404
664 2416
404 3135
404 3443
425 3135
433 3135
494 3135
509 3135
677 3135
862 3135
1263 3135
626 3443
1311 3443
405 1188
405 1954
405 3334
405 3872
463 1188
615 1188
698 1188
800 1188
637 1100
408 2174
424 2174
674 1648
689 1676
413 422
413 689
413 949
413 951
413 1326
413 1328
413 3528
413 3529
413 3530
413 3531
413 3532
413 3533
413 3534
413 3536
413 3537
413 3538
413 3539
413 3540
422 689
422 949
422 951
422 1326
422 1328
422 3528
422 3529
422 3530
422 3531
422 3532
422 3533
422 3534
422 3536
422 3537
422 3538
422 3539
422 3540
689 693
689 3533
949 1326
1326 3529
1328 3529
793 3529
907 3529
1084 3529
620 3180
620 3347
620 3977
424 2217
957 2217
419 2468
419 3877
419 3932
420 2468
420 3877
1362 3877
420 3932
600 3754
424 574
424 669
424 710
424 728
424 740
424 768
424 823
424 824
424 1007
424 1029
424 1086
424 1087
424 1206
424 1220
424 1293
424 1353
424 2153
424 2154
424 2155
424 2156
424 2157
424 2158
424 2159
424 2160
424 2161
424 2162
424 2163
424 2164
424 2165
424 2168
424 2169
424 2171
424 2172
424 2173
424 2175
424 2176
424 2178
424 2180
424 2181
424 2182
424 2183
424 2185
424 2186
424 2187
424 2188
424 2190
424 2191
424 2192
424 2194
424 2195
424 2197
424 2199
424 2200
424 2202
424 2204
424 2205
424 2206
424 2207
424 2208
424 2209
424 2210
424 2211
424 2212
424 2213
424 2214
424 2215
424 2216
424 2218
424 2219
424 2220
424 2222
424 2223
424 2224
424 2225
424 2226
424 2227
424 2228
424 2229
424 2232
424 2233
424 2234
424 2235
424 2236
424 2237
424 2238
424 2240
424 2242
669 2382
728 2494
721 823
823 1132
823 1331
465 1007
1007 1978
1029 1074
1029 1996
1086 2212
1087 2212
1082 1293
1072 2159
427 2165
1078 2186
481 2218
1088 2220
667 2225
865 2240
1095 2240
1096 2240
1097 2240
425 845
425 921
425 947
425 948
425 1125
425 1207
425 1260
425 1281
425 1745
425 3102
425 3103
425 3104
425 3105
425 3107
425 3109
425 3110
425 3111
425 3112
425 3113
425 3116
425 3117
425 3118
425 3119
425 3120
425 3122
425 3123
425 3124
425 3125
425 3126
425 3127
425 3128
425 3129
425 3130
425 3131
425 3132
425 3133
425 3134
425 3137
425 3139
425 3142
425 3143
425 3144
425 3147
425 3148
425 3149
536 1207
1207 3737
1207 3996
1207 4069
1207 4083
1260 3124
428 1281
494 1745
608 1745
631 3102
1254 3109
428 3110
1257 3120
1258 3120
793 3124
462 3144
426 904
426 1256
426 4181
426 4182
426 4183
426 4184
426 4185
904 1070
904 1256
945 1256
1070 1256
647 4184
427 828
427 862
427 896
427 1037
427 1109
427 1933
427 4244
427 4245
427 4247
427 4248
427 4249
427 4250
427 4251
427 4252
862 1109
862 1280
1037 1212
1037 1369
494 1109
677 1109
746 1109
494 4250
428 981
428 3433
495 981
496 981
1311 3433
430 433
430 434
430 1307
434 3353
434 4213
1307 3353
711 2306
1113 2306
1387 4213
907 4219
1205 3901
1366 3879
463 2012
959 3878
1364 3879
1273 3888
1223 3898
1011 3899
493 743
493 1096
493 1266
459 3424
599 3487
1179 3487
549 1711
463 569
463 739
463 1212
463 1335
463 1998
463 1999
463 2000
463 2001
463 2005
463 2006
463 2007
463 2008
463 2009
463 2010
463 2011
463 2013
463 2014
463 2015
463 2016
463 2017
463 2018
463 2019
463 2020
463 2021
463 2022
463 2023
463 2025
463 2028
463 2029
463 2030
601 720
601 1034
601 1038
601 1369
601 2013
601 3911
601 3912
601 3913
601 3914
601 3915
601 3916
601 3917
601 3918
1034 1038
1034 2013
1034 2021
1034 3618
711 2305
692 3347
1306 3347
458 1824
458 3986
483 1824
866 1824
459 477
459 3421
459 3423
459 3425
459 3427
459 3428
459 3429
477 619
653 1999
1038 2007
1039 2009
1038 2021
1030 1996
1102 2274
1135 2440
1135 2448
615 1355
1136 2440
465 3161
597 3161
597 3181
469 2844
469 2851
469 2852
469 2853
469 2854
469 2855
469 2856
469 2865
1067 2852
1226 2855
479 769
479 2250
479 2251
479 2252
479 2255
479 2256
550 769
480 1802
495 735
741 1291
741 3955
743 1996
483 693
483 990
483 1096
483 1097
483 1263
483 1303
483 4076
483 4095
483 4124
990 4064
674 3787
1144 1266
1266 1377
494 2298
495 508
495 982
495 1389
495 1468
495 1469
513 964
509 3545
513 989
513 1243
513 2944
911 4080
911 4189
863 983
520 3927
1230 3545
515 517
515 1474
515 1477
515 1484
517 1474
517 1476
523 1484
524 1484
525 1484
526 1484
518 1476
518 4189
751 4189
752 4189
1402 4189
1404 4189
1408 4189
520 3631
1337 3631
635 4097
640 647
640 3375
640 3376
598 783
585 873
747 873
873 1828
869 2270
598 3416
532 1398
532 1399
532 1400
532 4156
532 4157
532 4158
532 4159
532 4160
532 4161
532 4162
532 4163
1398 1399
1399 4156
1400 4162
754 4159
690 1305
692 4063
536 4058
1384 4058
724 1720
673 801
889 2778
723 1698
725 1728
726 1728
751 1754
752 1759
543 597
577 597
597 777
597 799
597 894
597 895
597 1269
597 1271
597 3152
597 3153
597 3154
597 3155
597 3156
597 3157
597 3158
597 3159
597 3160
597 3162
597 3163
597 3164
597 3165
597 3166
597 3167
597 3168
597 3169
597 3170
597 3171
597 3172
597 3173
597 3174
597 3175
597 3176
597 3177
597 3178
597 3179
597 3180
597 3182
597 3183
597 3184
597 3185
597 3186
597 3187
597 3188
597 3189
597 3190
597 3191
597 3192
597 3193
597 3194
597 3195
597 3196
597 3197
597 3198
597 3199
597 3200
597 3201
597 3202
597 3203
597 3204
597 3205
597 3206
597 3207
597 3208
597 3209
597 3210
597 3211
597 3212
597 3213
597 3214
597 3215
597 3216
597 3217
597 3218
597 3219
597 3220
597 3221
597 3222
653 721
1095 4125
1392 4114
1144 4073
560 4106
618 4106
653 4106
1077 4108
653 4112
551 820
629 820
629 868
630 820
585 820
661 820
820 878
820 1831
810 2301
1225 2845
1084 2861
1231 2872
613 2874
561 562
561 664
560 664
562 664
659 664
664 956
664 1182
664 1291
664 1331
664 3546
664 3547
664 3549
664 3550
664 3551
664 3552
664 3553
664 3554
664 3555
664 3556
664 3557
664 3559
664 3560
664 3561
664 3562
664 3563
664 3564
562 1329
563 4203
648 651
649 651
651 653
648 1618
650 1618
648 1619
649 1619
655 1619
648 1620
649 1620
698 3856
1121 1122
1121 1123
1121 1344
1121 3720
1121 3722
1121 3723
1121 3724
1121 3725
1121 3726
1121 3728
1121 3729
1121 3730
1121 3731
1121 3732
578 1345
837 1345
1161 1345
1345 3704
1345 3705
1345 3706
1345 3707
1345 3709
1345 3710
1345 3711
1345 3712
1345 3714
1345 3715
1345 3716
1345 3717
1345 3718
1345 3719
579 674
674 719
674 787
674 788
674 1103
674 1120
674 1198
674 1199
674 3755
674 3756
674 3757
674 3758
674 3759
674 3760
674 3761
674 3762
674 3763
674 3764
674 3765
674 3766
674 3767
674 3768
674 3769
674 3770
674 3771
674 3772
674 3773
674 3774
674 3775
674 3776
674 3777
674 3778
674 3779
674 3780
674 3781
674 3782
674 3783
674 3784
674 3785
674 3786
674 3788
674 3789
674 3790
674 3791
674 3792
674 3793
674 3794
674 3795
674 3796
674 3797
674 3798
674 3799
674 3800
674 3801
674 3802
674 3803
674 3804
674 3805
674 3806
674 3807
674 3808
674 3809
674 3810
674 3811
674 3812
674 3813
674 3814
674 3815
674 3816
674 3817
674 3818
674 3819
674 3820
674 3821
674 3822
674 3823
674 3824
674 3826
674 3827
674 3828
674 3829
674 3830
674 3831
674 3832
674 3833
674 3834
674 3837
674 3838
674 3839
674 3840
674 3841
674 3842
674 3843
674 3844
674 3845
674 3846
674 3847
674 3848
674 3849
674 3850
674 3851
674 3852
674 3853
674 3854
674 3855
674 3856
674 3857
674 3858
674 3859
674 3860
674 3861
674 3862
674 3863
674 3865
674 3866
627 1790
819 1796
840 1807
585 631
585 821
585 871
585 872
585 874
585 875
585 878
585 1825
585 1826
585 1827
585 1828
585 1831
585 1832
585 1833
585 1834
631 1828
821 878
821 1831
871 1828
661 872
872 1828
874 1828
875 1828
1006 1964
1008 1980
997 1994
1028 1996
589 636
589 2258
1140 2471
1139 2471
593 2494
1143 2494
594 2497
596 3098
596 3099
596 3100
596 3101
895 3934
1269 3171
945 1271
1268 1271
1271 3195
703 3159
945 3159
901 3165
945 3167
1070 3176
1139 3176
945 3180
1268 3180
901 3185
945 3207
957 3210
598 3367
598 3368
598 3369
598 3370
598 3371
598 3372
598 3373
598 3374
598 3375
598 3376
598 3377
598 3378
598 3379
598 3380
598 3381
598 3382
598 3383
598 3384
598 3385
598 3386
598 3387
598 3388
598 3390
598 3392
598 3393
598 3394
598 3396
598 3397
598 3398
598 3399
598 3400
598 3402
598 3403
598 3404
598 3405
598 3406
598 3407
598 3408
598 3409
598 3410
598 3411
598 3412
598 3413
598 3414
598 3415
598 3417
598 3418
598 3419
598 3420
900 3375
661 3376
1251 3376
900 3390
900 3415
599 3485
599 3486
599 3488
1012 3754
1038 3618
625 3918
793 1384
916 3947
916 4030
916 4031
1325 4028
1325 4031
1325 4032
1325 4034
1378 3991
1379 4003
1385 4066
603 993
603 1130
603 1401
603 4164
603 4165
603 4166
603 4167
603 4168
603 4169
603 4170
603 4171
603 4172
603 4173
603 4174
603 4176
603 4177
993 1401
993 1898
993 4170
993 4177
1144 1401
606 647
606 1085
606 1324
606 4191
606 4193
606 4195
606 4197
943 4230
1077 1145
608 1221
1387 4208
615 1937
617 3589
626 3337
626 3968
897 3555
900 2266
901 3810
633 1940
633 1943
645 1311
784 1311
840 1311
1216 1311
1311 1312
1311 1313
1311 1314
1311 3430
1311 3431
1311 3434
1311 3435
1311 3436
1311 3437
1311 3438
1311 3439
1311 3440
1311 3442
1311 3444
1311 3445
1311 3446
1311 3447
1311 3448
1311 3449
1311 3450
1311 3451
1311 3452
1311 3453
1311 3454
1311 3455
1311 3456
1311 3457
1311 3458
1311 3459
1311 3460
1311 3461
1311 3462
1311 3463
1311 3464
1311 3465
1311 3466
1311 3467
1311 3468
1311 3469
1311 3470
1311 3471
1311 3472
1311 3473
1311 3474
1311 3475
1311 3476
1311 3477
1311 3478
1311 3479
1311 3480
1311 3481
1311 3482
1311 3483
1311 3484
653 3561
658 1623
663 1623
661 2266
869 2266
1098 2245
956 1145
779 1291
1133 1291
1103 2274
1350 3810
1051 3858
1052 3859
678 1786
680 1786
686 1062
1126 1334
1141 2492
1334 3602
1334 3625
1334 3626
1078 1338
1338 3635
1339 3648
1340 3651
1341 3651
1342 3655
1078 3647
1078 3648
702 3665
702 1161
1161 2644
726 1163
726 2667
726 2668
726 2671
1143 1163
1163 2652
1163 2653
1163 2654
1163 2655
1163 2656
1163 2657
1163 2658
1163 2660
1163 2661
1163 2662
1163 2663
1163 2665
1163 2666
1163 2667
1163 2668
1163 2669
1163 2671
1163 2673
1163 2674
1163 2675
1163 2676
1163 2677
1163 2678
1163 2679
1163 2681
1163 2682
1163 2683
1163 2684
1163 2685
1163 2686
1163 2687
1163 2688
1163 2689
1163 2690
1163 2692
1163 2693
1163 2694
1163 2695
1163 2696
1163 2697
790 792
796 1375
850 3737
791 3980
794 2633
794 2634
794 2635
794 2636
794 2637
794 2638
794 2639
794 2640
794 2641
794 2642
794 2643
794 2644
794 2645
794 2647
794 2648
794 2649
794 2650
794 2651
869 2259
869 2260
869 2261
869 2262
869 2263
869 2264
869 2265
869 2267
869 2268
914 942
914 1084
942 3694
1344 3697
1230 3541
1230 3542
1230 3544
865 1818
1183 2778
996 1912
996 1913
996 1914
996 1915
1070 3949
912 1275
1275 3235
913 3725
1304 3325
1308 3360
1302 3318
1298 3296
1349 3745
1072 3753
1111 1156
1265 1377
1377 3983
1377 3984
1373 3948
1300 3311
1300 3312
1312 3456
1313 3456
1314 3478
1314 4254
