1 2
1 3
1 4
1 5
1 6
1 7
1 8
1 9
1 10
1 11
1 12
1 13
1 14
1 15
1 16
1 17
1 18
1 19
2 19
2 58
2 59
2 60
2 61
2 62
2 63
2 64
2 68
2 71
2 72
2 78
2 95
2 97
2 98
3 19
3 21
3 42
3 47
3 49
3 58
3 59
3 60
3 61
3 62
3 63
3 64
3 68
3 71
3 72
3 73
3 76
3 78
3 79
3 80
3 81
3 87
3 98
4 19
4 42
4 47
4 49
4 60
4 61
4 62
4 64
4 71
4 98
5 19
5 58
5 59
5 60
5 61
5 62
5 63
5 64
5 68
5 69
5 72
5 78
6 19
6 21
6 59
6 60
6 61
6 62
6 64
6 68
6 69
6 72
6 78
6 95
6 97
6 98
7 16
7 19
7 59
7 60
7 61
7 62
7 64
7 68
7 72
7 78
7 95
7 97
7 98
8 19
8 59
8 60
8 61
8 62
8 64
8 68
8 71
8 72
8 78
8 95
8 97
8 98
9 21
9 55
9 65
9 66
9 67
9 71
9 73
9 76
9 77
9 79
9 80
9 81
9 82
9 84
9 87
9 98
9 128
10 18
10 19
10 20
10 21
10 31
10 42
10 55
10 82
10 83
10 85
10 88
10 114
10 115
10 124
10 127
10 128
11 18
11 19
11 20
11 21
11 31
11 42
11 55
11 82
11 83
11 85
11 88
11 114
11 115
11 127
11 128
12 18
12 19
12 20
12 21
12 31
12 42
12 55
12 82
12 83
12 85
12 88
12 114
12 115
12 127
12 128
13 128
14 18
14 19
14 20
14 42
14 47
14 49
14 55
14 98
14 128
15 18
15 19
15 21
15 31
15 41
15 42
15 47
15 49
15 55
15 71
15 74
15 82
15 83
15 84
15 85
15 86
15 88
15 98
15 114
15 115
15 124
15 127
15 128
16 18
16 31
16 32
16 33
16 51
16 54
16 57
16 60
16 61
16 62
16 63
16 64
16 70
16 90
16 91
16 92
16 95
16 96
16 97
16 99
17 20
17 22
17 24
17 26
17 29
17 34
17 46
17 53
17 57
17 72
17 73
17 74
17 75
17 81
17 88
17 128
18 24
18 25
18 26
18 27
18 28
18 29
18 31
18 32
18 33
18 34
18 35
18 36
18 37
18 38
18 39
18 40
18 41
18 42
18 43
18 44
18 45
18 46
18 47
18 48
18 49
18 50
18 51
18 52
18 53
18 54
18 55
18 56
18 57
18 58
18 59
18 60
18 61
18 62
18 63
18 64
18 68
18 72
18 78
18 84
18 86
18 90
18 91
18 92
18 95
18 96
18 97
18 98
18 99
18 100
18 101
18 102
18 103
18 104
18 105
18 106
18 107
18 108
18 109
18 110
18 111
18 112
18 113
18 114
18 115
18 116
18 117
18 118
18 119
18 120
18 121
18 122
18 123
18 124
18 125
18 126
18 127
18 128
19 56
56 58
57 58
58 59
58 60
58 61
58 62
58 63
58 64
58 68
58 72
58 78
56 59
57 59
59 60
59 61
59 62
59 64
59 68
59 72
59 78
21 60
31 60
32 60
35 60
36 60
39 60
40 60
43 60
44 60
51 60
54 60
56 60
57 60
60 69
60 70
60 71
60 90
60 91
60 92
60 95
60 96
60 97
60 99
60 100
60 101
60 102
60 104
60 105
21 61
31 61
32 61
35 61
36 61
39 61
40 61
43 61
44 61
51 61
54 61
56 61
57 61
61 69
61 70
61 71
61 90
61 91
61 92
61 95
61 96
61 97
61 99
61 100
61 101
61 102
61 104
61 105
21 62
31 62
32 62
35 62
36 62
39 62
40 62
43 62
44 62
51 62
54 62
56 62
57 62
62 69
62 70
62 71
62 90
62 91
62 92
62 95
62 96
62 97
62 99
62 100
62 101
62 102
62 104
62 105
21 63
31 63
32 63
35 63
36 63
39 63
40 63
43 63
44 63
51 63
54 63
56 63
57 63
63 69
63 70
63 71
63 90
63 91
63 92
63 95
63 96
63 97
63 99
63 100
63 101
63 102
63 104
63 105
21 64
31 64
32 64
51 64
56 64
57 64
64 69
64 70
64 71
64 78
64 90
64 91
64 92
64 95
64 96
64 97
64 99
64 100
64 101
64 102
39 68
41 68
42 68
47 68
52 68
55 68
56 68
57 68
68 71
68 90
68 123
68 125
68 127
22 71
29 71
47 71
52 71
53 71
55 71
57 71
67 71
70 71
71 72
71 73
71 77
71 80
71 81
71 82
71 83
71 107
71 123
71 125
71 127
71 128
23 72
24 72
25 72
27 72
29 72
36 72
39 72
40 72
41 72
42 72
43 72
45 72
47 72
52 72
53 72
55 72
56 72
57 72
72 75
72 77
72 85
72 88
72 89
72 90
72 91
72 95
72 96
72 97
72 107
72 110
72 111
72 112
72 113
72 114
72 115
72 116
72 118
72 119
72 120
72 123
72 125
72 126
72 127
72 128
25 78
27 78
29 78
36 78
39 78
40 78
41 78
42 78
43 78
47 78
51 78
52 78
53 78
55 78
57 78
65 78
66 78
77 78
78 88
78 93
78 96
78 97
78 104
78 105
78 107
78 110
78 111
78 112
78 113
78 114
78 115
78 116
78 118
78 119
78 120
78 123
78 125
78 127
78 128
24 95
26 95
32 95
37 95
38 95
44 95
45 95
50 95
57 95
70 95
73 95
79 95
80 95
81 95
82 95
83 95
84 95
85 95
86 95
95 107
95 108
95 109
95 110
95 111
95 112
95 113
95 121
24 97
26 97
32 97
34 97
35 97
36 97
37 97
38 97
43 97
44 97
45 97
48 97
50 97
54 97
57 97
73 97
79 97
80 97
81 97
82 97
83 97
84 97
85 97
86 97
87 97
88 97
93 97
97 106
97 107
97 108
97 109
97 110
97 111
97 112
97 113
97 114
97 115
97 116
97 118
97 119
97 120
97 121
97 123
97 126
34 98
37 98
38 98
40 98
43 98
50 98
57 98
98 107
98 109
98 110
98 111
98 112
98 113
98 121
20 21
21 24
21 25
21 27
21 28
21 29
21 30
21 33
21 34
21 35
21 36
21 37
21 38
21 39
21 40
21 41
21 42
21 43
21 44
21 45
21 46
21 51
21 54
21 55
21 57
21 67
21 79
21 80
21 90
21 91
21 92
21 93
21 94
21 96
21 99
21 100
21 101
21 102
21 103
21 106
21 107
21 108
21 109
21 110
21 111
21 112
21 113
21 114
21 115
21 116
21 118
21 119
21 120
21 121
21 122
21 123
21 125
21 126
21 127
21 128
20 42
24 42
26 42
34 42
35 42
36 42
37 42
38 42
42 50
42 54
42 57
42 70
42 73
42 74
42 75
42 76
42 77
42 79
42 80
42 81
42 82
42 83
42 84
42 85
42 87
42 88
42 93
42 106
42 107
42 108
42 109
42 110
42 111
42 113
42 116
42 117
42 122
42 126
20 47
26 47
47 50
47 54
47 57
47 67
47 69
47 76
47 77
47 79
47 106
47 108
47 109
47 116
47 117
47 122
47 126
20 49
24 49
26 49
34 49
40 49
43 49
49 50
49 57
49 65
49 66
49 67
49 79
49 80
49 81
49 82
49 83
49 110
49 117
49 122
49 126
49 128
22 73
24 73
25 73
27 73
29 73
36 73
39 73
40 73
41 73
45 73
52 73
53 73
55 73
57 73
65 73
66 73
67 73
73 75
73 85
73 90
73 91
73 96
73 101
73 110
73 111
73 112
73 113
73 114
73 115
73 116
73 118
73 119
73 120
73 123
73 125
73 127
73 128
25 76
27 76
29 76
36 76
39 76
40 76
41 76
43 76
51 76
52 76
53 76
55 76
57 76
65 76
66 76
76 77
76 85
76 88
76 93
76 96
76 104
76 105
76 110
76 111
76 112
76 113
76 114
76 115
76 116
76 118
76 119
76 120
76 123
76 125
76 127
76 128
22 79
25 79
27 79
29 79
36 79
39 79
40 79
43 79
46 79
51 79
53 79
55 79
57 79
65 79
66 79
67 79
77 79
79 90
79 91
79 96
79 110
79 111
79 112
79 113
79 118
79 119
79 120
79 127
79 128
22 80
25 80
27 80
29 80
33 80
36 80
39 80
40 80
41 80
43 80
45 80
46 80
51 80
53 80
55 80
57 80
65 80
66 80
70 80
77 80
80 88
80 90
80 91
80 96
80 100
80 101
80 102
80 103
80 104
80 105
80 128
22 81
32 81
33 81
39 81
40 81
41 81
43 81
44 81
45 81
46 81
51 81
53 81
55 81
57 81
65 81
66 81
70 81
77 81
81 85
81 88
81 90
81 91
81 92
81 93
81 96
81 99
81 100
81 101
81 102
81 103
81 104
81 105
81 127
81 128
23 87
24 87
25 87
26 87
27 87
28 87
29 87
30 87
33 87
34 87
36 87
46 87
52 87
53 87
57 87
67 87
87 89
87 93
87 94
87 96
87 103
87 112
87 114
87 115
87 118
87 119
87 120
87 122
87 123
87 125
87 128
46 69
52 69
57 69
69 128
20 55
24 55
26 55
28 55
30 55
33 55
34 55
36 55
37 55
38 55
39 55
43 55
44 55
45 55
50 55
51 55
55 57
55 67
55 74
55 75
55 77
55 82
55 83
55 84
55 85
55 88
55 93
55 94
55 96
55 103
55 106
55 107
55 108
55 109
55 110
55 111
55 112
55 113
55 116
55 117
55 118
55 119
55 120
55 121
55 122
55 126
55 128
57 65
65 66
65 67
65 77
65 128
57 66
66 67
66 77
66 128
22 67
40 67
43 67
51 67
57 67
67 77
67 85
67 91
67 128
25 77
27 77
29 77
36 77
39 77
40 77
41 77
43 77
51 77
52 77
53 77
57 77
77 82
77 83
77 85
77 88
77 93
77 96
77 104
77 105
77 107
77 110
77 111
77 112
77 113
77 114
77 115
77 116
77 118
77 119
77 120
77 123
77 125
77 127
77 128
22 82
32 82
33 82
39 82
40 82
41 82
43 82
44 82
45 82
46 82
51 82
53 82
57 82
70 82
82 85
82 88
82 90
82 91
82 92
82 93
82 96
82 99
82 100
82 101
82 102
82 103
82 104
82 105
82 127
82 128
23 84
27 84
28 84
29 84
30 84
32 84
33 84
34 84
35 84
36 84
37 84
38 84
39 84
40 84
41 84
43 84
44 84
45 84
46 84
51 84
53 84
54 84
57 84
70 84
84 85
84 89
84 90
84 91
84 92
84 93
84 94
84 96
84 99
84 100
84 101
84 102
84 103
84 106
84 107
84 108
84 109
84 110
84 111
84 112
84 113
84 114
84 115
84 116
84 118
84 119
84 120
84 121
84 122
84 123
84 125
84 126
84 127
22 128
23 128
29 128
30 128
39 128
51 128
57 128
70 128
74 128
75 128
83 128
85 128
88 128
89 128
93 128
94 128
104 128
105 128
20 22
20 23
20 24
20 25
20 26
20 27
20 28
20 29
20 30
20 31
20 32
20 33
20 34
20 35
20 36
20 37
20 38
20 39
20 40
20 41
20 43
20 44
20 45
20 46
20 48
20 50
20 51
20 52
20 53
20 54
31 32
31 35
31 48
31 50
31 54
31 57
31 106
31 107
31 108
31 109
31 110
31 116
31 117
31 122
31 126
22 83
27 83
33 83
36 83
37 83
39 83
40 83
41 83
43 83
45 83
46 83
51 83
57 83
70 83
83 90
83 91
83 92
83 99
83 100
83 101
83 102
83 103
83 127
23 85
24 85
25 85
27 85
28 85
29 85
30 85
32 85
33 85
34 85
35 85
36 85
37 85
38 85
39 85
40 85
41 85
43 85
44 85
45 85
46 85
51 85
53 85
54 85
57 85
70 85
85 88
85 89
85 90
85 91
85 92
85 93
85 94
85 96
85 99
85 100
85 101
85 102
85 103
85 106
85 107
85 108
85 109
85 110
85 111
85 112
85 113
85 114
85 115
85 116
85 118
85 119
85 120
85 121
85 122
85 123
85 125
85 126
85 127
23 88
24 88
25 88
26 88
27 88
28 88
29 88
30 88
33 88
34 88
36 88
40 88
41 88
43 88
46 88
51 88
52 88
53 88
57 88
88 89
88 93
88 94
88 96
88 103
88 106
88 107
88 110
88 111
88 112
88 113
88 114
88 115
88 116
88 118
88 119
88 120
88 121
88 122
88 123
88 125
88 127
23 114
57 114
74 114
75 114
96 114
104 114
114 117
23 115
39 115
57 115
74 115
75 115
96 115
101 115
104 115
115 117
57 124
122 124
57 127
26 41
41 57
41 74
41 75
41 106
41 108
41 109
41 116
41 117
41 122
41 126
24 74
25 74
27 74
29 74
39 74
40 74
45 74
52 74
53 74
57 74
74 90
74 91
74 96
74 112
74 118
74 119
74 120
74 123
27 86
28 86
30 86
33 86
37 86
38 86
39 86
40 86
43 86
44 86
45 86
46 86
51 86
57 86
70 86
86 90
86 91
86 92
86 94
86 96
86 99
86 100
86 101
86 102
86 103
32 35
32 48
32 50
32 54
32 57
32 90
32 91
32 92
32 96
32 99
32 106
32 107
32 108
32 109
32 110
32 116
32 117
32 122
32 126
23 33
33 57
33 89
33 90
33 91
33 92
33 104
33 105
33 122
33 126
26 51
28 51
30 51
34 51
51 57
51 75
51 94
51 103
51 104
51 105
51 106
51 107
51 108
51 109
51 110
51 116
51 117
51 122
51 126
26 54
35 54
48 54
50 54
52 54
53 54
54 57
54 90
54 91
54 92
54 96
54 99
54 126
22 57
23 57
24 57
25 57
26 57
27 57
28 57
29 57
30 57
34 57
35 57
36 57
37 57
38 57
39 57
40 57
43 57
44 57
45 57
46 57
48 57
50 57
52 57
53 57
56 57
57 70
57 75
57 89
57 90
57 91
57 92
57 93
57 94
57 96
57 99
57 100
57 101
57 102
57 103
57 104
57 105
57 106
57 107
57 108
57 109
57 110
57 111
57 112
57 113
57 116
57 117
57 118
57 119
57 120
57 121
57 122
57 123
57 125
57 126
39 70
46 70
52 70
70 96
70 103
70 104
70 105
70 123
70 125
24 90
26 90
34 90
35 90
36 90
37 90
38 90
44 90
48 90
50 90
75 90
90 106
90 107
90 108
90 109
90 110
90 111
90 112
90 113
90 116
90 118
90 119
90 120
90 121
90 126
24 91
26 91
35 91
36 91
37 91
38 91
44 91
48 91
50 91
75 91
24 92
26 92
28 92
34 92
35 92
36 92
37 92
38 92
43 92
44 92
45 92
48 92
50 92
92 93
92 106
92 107
92 108
92 109
92 110
92 111
92 112
92 113
92 116
92 118
92 119
92 120
92 121
92 126
24 96
26 96
28 96
30 96
34 96
35 96
36 96
37 96
38 96
43 96
44 96
45 96
48 96
50 96
93 96
94 96
96 106
96 107
96 108
96 109
96 110
96 111
96 112
96 113
96 116
96 118
96 119
96 120
96 121
96 123
96 126
26 99
34 99
35 99
36 99
48 99
50 99
75 99
99 106
99 107
99 108
99 109
99 110
99 111
99 112
99 113
99 116
99 118
99 119
99 120
99 121
99 126
22 24
22 25
22 26
22 27
22 29
22 34
22 43
22 46
22 53
22 106
22 107
22 112
22 113
22 118
22 119
22 120
22 122
22 123
22 125
23 24
24 29
24 30
24 39
24 40
24 75
24 89
24 93
24 94
24 103
23 26
26 29
26 37
26 39
26 40
26 43
26 50
26 52
26 89
26 100
26 101
26 102
26 117
26 122
23 29
29 30
29 45
29 75
29 89
29 94
29 110
29 117
29 122
29 126
23 34
30 34
34 39
34 40
34 89
34 93
34 94
34 100
34 101
34 102
34 103
34 104
34 105
23 46
46 89
46 117
46 122
46 126
23 53
48 53
50 53
53 75
53 89
53 106
53 107
53 108
53 109
53 110
53 116
53 117
53 122
53 126
25 75
27 75
36 75
39 75
40 75
45 75
52 75
75 118
75 119
75 120
75 123
23 25
25 89
25 117
23 27
27 30
27 50
27 93
27 94
27 103
27 104
27 105
23 28
28 30
28 44
28 89
28 93
28 103
28 104
28 105
28 106
28 107
28 108
28 109
28 110
28 116
28 117
28 122
28 126
35 39
35 117
35 122
35 126
23 36
36 39
36 89
36 93
36 103
36 104
36 105
36 117
36 122
30 37
37 39
37 50
37 100
37 101
37 102
37 104
37 105
37 106
37 107
37 108
37 109
37 110
37 116
37 117
37 122
37 126
30 38
38 39
38 100
38 101
38 102
38 104
38 105
38 110
38 117
38 122
38 126
39 40
39 43
39 44
39 45
39 50
39 106
39 107
39 110
39 111
39 112
39 113
39 116
39 117
39 118
39 119
39 120
39 121
39 122
39 126
40 106
40 107
40 108
40 109
40 110
40 116
40 117
40 122
40 126
43 50
43 52
43 100
43 101
43 102
43 103
43 104
43 105
43 106
43 107
43 108
43 109
43 110
43 116
43 117
43 122
43 126
30 44
44 50
44 104
44 105
44 106
44 116
44 117
44 122
44 126
30 45
45 52
45 94
45 104
45 105
45 117
45 122
50 52
50 103
50 104
50 105
50 117
50 122
50 126
23 52
52 89
52 93
52 106
52 107
52 108
52 109
52 110
52 116
52 117
52 122
52 126
100 106
100 107
100 108
100 109
100 110
100 111
100 112
100 113
100 116
100 118
100 119
100 120
100 121
100 126
101 106
101 107
101 108
101 109
101 110
101 111
101 112
101 113
101 116
101 118
101 119
101 120
101 121
101 126
102 106
102 107
102 108
102 110
102 111
102 112
102 113
102 116
102 118
102 119
102 120
102 121
30 103
94 103
103 106
103 107
103 108
103 109
103 110
103 111
103 112
103 113
103 116
103 118
103 119
103 120
103 121
103 126
30 104
93 104
94 104
104 106
104 107
104 108
104 109
104 110
104 111
104 112
104 113
104 116
104 118
104 119
104 120
104 121
104 123
104 126
30 105
93 105
94 105
105 106
105 107
105 108
105 109
105 110
105 111
105 112
105 113
105 116
105 118
105 119
105 120
105 121
105 126
23 106
30 106
93 106
23 107
30 107
30 108
93 108
108 117
30 109
93 109
109 117
30 110
93 110
94 110
110 117
110 122
30 111
111 117
111 122
23 112
112 117
23 113
30 113
113 117
23 116
30 116
93 116
30 117
93 117
94 117
117 118
117 119
117 120
23 118
23 119
89 119
23 120
23 121
23 122
30 122
93 122
94 122
122 123
23 123
23 125
30 126
93 126
23 30
23 93
23 94
30 89
30 93
89 93
93 94
89 94
