1 2
1 410
2 89
2 568
2 618
2 806
2 925
2 1163
2 1177
2 1222
2 1403
2 1425
2 1592
33 410
263 410
409 410
410 716
410 908
410 1062
410 1076
410 1250
410 1389
410 1410
18 89
82 89
89 90
89 367
124 568
568 569
68 618
487 618
618 619
806 1016
894 925
121 1177
786 1177
1177 1178
484 1403
3 4
3 166
4 339
4 354
4 446
4 624
4 656
4 841
4 1415
4 1474
11 166
23 166
67 166
157 166
165 166
166 192
166 310
166 357
166 472
166 567
166 616
166 684
166 689
166 750
166 830
166 955
166 1200
166 1237
166 1346
166 1431
339 468
339 493
125 354
354 699
354 714
13 446
63 446
90 446
169 446
218 446
324 446
446 1334
67 624
371 624
624 1023
484 656
67 841
520 841
5 6
5 44
5 142
5 182
5 195
5 197
5 280
5 560
5 692
5 924
5 1085
49 142
124 142
142 143
142 429
142 465
142 1585
13 195
33 195
63 195
157 195
194 195
195 263
31 197
67 197
68 197
118 197
123 197
196 197
197 202
197 310
197 591
197 985
197 1190
197 1373
131 280
279 280
280 952
280 1247
280 1343
280 1390
38 560
516 560
559 560
560 610
560 735
560 829
560 853
560 902
560 904
560 994
560 1089
560 1215
560 1424
560 1461
560 1469
328 692
617 692
692 693
820 924
50 1085
140 1085
404 1085
7 8
7 10
7 70
7 106
7 118
7 248
7 285
7 286
7 297
7 313
7 575
7 1071
7 1104
7 1128
8 18
8 54
8 118
8 138
8 307
8 1087
9 10
10 253
10 578
10 760
10 905
10 912
10 992
10 1027
10 1158
10 1349
10 1454
10 1501
10 1591
13 70
31 70
50 70
63 70
70 114
70 148
70 177
70 205
70 220
70 281
70 295
70 309
70 431
70 461
70 491
70 507
70 587
70 588
70 590
70 671
70 703
70 707
70 730
70 812
70 826
70 888
70 1008
70 1049
70 1089
70 1347
70 1355
52 106
105 106
106 138
106 1101
106 1574
12 118
66 118
79 118
80 118
99 118
117 118
118 122
118 146
118 148
118 151
118 177
118 184
118 185
118 200
118 215
118 224
118 253
118 259
118 281
118 300
118 311
118 338
118 343
118 385
118 387
118 431
118 432
118 461
118 467
118 481
118 486
118 492
118 536
118 597
118 601
118 622
118 668
118 676
118 683
118 697
118 709
118 809
118 856
118 862
118 912
118 1089
118 1212
118 1503
35 248
132 248
141 248
146 248
148 248
164 248
171 248
177 248
185 248
204 248
235 248
248 249
248 284
248 318
248 338
248 353
248 367
248 425
248 496
248 503
248 512
248 513
248 567
248 654
248 676
248 683
248 707
248 709
248 812
248 816
248 861
248 862
248 967
248 998
248 1002
248 1052
248 1232
248 1427
248 1553
248 1605
145 285
146 285
226 285
258 285
276 285
285 334
285 342
285 390
285 396
285 416
285 425
285 450
285 467
285 492
285 567
31 286
125 286
140 286
192 286
286 404
297 298
45 313
141 313
240 313
265 313
276 313
312 313
313 317
313 326
313 343
313 381
313 536
313 567
313 651
313 696
313 715
313 827
313 884
313 1052
313 1502
859 1071
148 1128
17 18
18 148
18 174
18 231
18 240
18 276
18 311
18 329
18 343
18 373
18 403
18 467
18 532
18 535
18 596
18 597
18 748
18 986
18 1173
18 1191
18 1217
18 1301
18 1379
14 54
45 54
54 55
54 57
54 66
54 122
54 135
54 173
54 184
54 190
54 204
54 225
54 227
54 236
54 240
54 259
54 264
54 276
54 309
54 314
54 316
54 337
54 338
54 340
54 343
54 345
54 349
54 380
54 385
54 414
54 415
54 425
54 447
54 467
54 481
54 486
54 492
54 503
54 512
54 527
54 536
54 556
54 585
54 589
54 597
54 601
54 604
54 645
54 726
54 827
54 832
54 835
54 856
54 862
54 866
54 869
54 883
54 927
54 930
54 1102
54 1156
54 1170
54 1392
54 1594
138 201
138 328
138 470
138 480
138 693
138 770
138 813
138 898
138 1402
138 1447
138 1597
76 307
131 307
307 666
307 689
307 1068
307 1432
123 1087
192 1087
9 800
9 1504
11 253
31 253
148 253
202 253
252 253
253 1547
210 760
219 760
295 760
319 760
760 761
760 917
760 1606
11 912
31 912
108 912
202 912
912 916
123 992
632 992
125 1027
353 1027
527 1027
804 1027
1026 1027
1027 1168
1027 1529
74 1158
1348 1349
11 12
11 79
11 99
11 122
11 145
11 148
11 151
11 152
11 159
11 164
11 171
11 177
11 185
11 200
11 220
11 224
11 240
11 256
11 281
11 296
11 300
11 338
11 342
11 343
11 417
11 450
11 461
11 462
11 463
11 467
11 473
11 492
11 527
11 585
11 597
11 622
11 641
11 709
11 809
11 852
11 856
11 940
11 1002
11 1078
11 1089
11 1159
11 1229
11 1304
11 1381
11 1493
12 31
12 67
12 92
12 123
12 140
12 162
12 192
12 212
12 241
12 242
12 257
12 310
12 315
12 612
31 79
67 79
99 100
99 157
99 931
31 122
92 122
122 123
13 145
31 145
41 145
144 145
145 151
145 212
145 241
145 242
145 375
145 397
145 1309
13 148
31 148
41 148
50 148
56 148
63 148
67 148
92 148
123 148
134 148
140 148
148 149
148 157
148 162
148 163
148 192
148 212
148 241
148 252
148 265
148 310
148 315
148 330
148 335
148 375
148 415
148 457
148 597
148 715
148 874
148 876
148 1384
148 1407
63 151
151 252
151 502
152 944
152 979
152 1486
103 159
159 785
31 164
164 241
164 265
164 457
157 171
171 172
171 265
13 177
177 265
177 315
177 324
177 626
177 627
177 691
177 923
177 1604
56 185
185 186
185 265
185 340
185 506
185 614
185 1424
63 200
92 200
140 200
200 310
163 220
220 221
220 272
220 523
220 592
220 699
220 1207
220 1322
220 1562
57 224
125 224
224 225
224 252
13 240
31 240
67 240
92 240
123 240
125 240
140 240
157 240
192 240
202 240
212 240
240 241
240 242
240 265
240 310
240 315
240 321
240 324
240 444
240 612
256 685
256 1165
63 281
67 281
252 281
281 484
13 296
63 296
140 296
157 296
296 310
296 470
31 300
67 300
92 300
300 362
31 338
56 338
63 338
67 338
123 338
125 338
140 338
162 338
192 338
265 338
315 338
324 338
31 342
157 342
31 343
67 343
92 343
123 343
125 343
133 343
140 343
157 343
192 343
202 343
212 343
241 343
242 343
252 343
310 343
315 343
343 444
343 466
343 472
343 860
50 417
83 417
92 417
379 417
121 450
444 450
450 640
450 910
63 461
67 461
187 461
252 461
77 462
105 462
155 462
265 462
462 464
462 969
63 463
157 463
31 467
67 467
92 467
123 467
133 467
140 467
157 467
192 467
202 467
212 467
241 467
242 467
252 467
310 467
315 467
444 467
467 472
467 860
467 931
31 473
63 473
92 473
123 473
125 473
162 473
241 473
472 473
473 876
13 492
31 492
92 492
123 492
140 492
192 492
202 492
241 492
242 492
252 492
310 492
315 492
444 492
31 527
56 527
63 527
67 527
92 527
121 527
140 527
157 527
212 527
242 527
315 527
415 527
527 539
56 585
585 586
585 1157
585 1371
31 597
67 597
92 597
162 597
252 597
192 622
252 622
268 622
315 622
157 641
241 641
444 641
56 709
67 709
123 709
140 709
192 709
265 709
315 709
709 997
31 809
67 809
67 852
133 852
140 852
157 852
192 852
310 852
315 852
472 852
502 852
67 856
63 940
1002 1003
63 1089
876 1089
16 1229
503 1304
1381 1382
30 31
31 45
31 93
31 124
31 146
31 184
31 190
31 203
31 236
31 251
31 258
31 276
31 284
31 289
31 298
31 299
31 311
31 316
31 337
31 345
31 351
31 363
31 369
31 387
31 390
31 396
31 414
31 416
31 435
31 447
31 486
31 515
31 536
31 567
31 638
31 649
31 650
31 766
31 768
31 787
31 869
31 930
31 972
31 1060
31 1198
31 1204
31 1210
31 1314
31 1414
31 1445
30 67
32 67
55 67
66 67
67 83
67 108
67 139
67 146
67 173
67 184
67 243
67 249
67 259
67 264
67 276
67 299
67 311
67 314
67 318
67 329
67 337
67 345
67 348
67 349
67 351
67 353
67 369
67 373
67 374
67 380
67 394
67 396
67 415
67 435
67 447
67 468
67 479
67 481
67 486
67 503
67 515
67 535
67 536
67 553
67 556
67 589
67 591
67 601
67 616
67 638
67 664
67 670
67 676
67 681
67 732
67 766
67 783
67 791
67 820
67 835
67 869
67 970
67 1013
67 1056
67 1060
67 1122
67 1141
67 1143
67 1201
67 1239
67 1265
67 1335
67 1473
67 1485
67 1544
30 92
91 92
92 124
92 173
92 184
92 311
92 326
92 351
92 387
92 390
92 396
92 425
92 447
92 583
92 589
92 649
92 697
92 766
92 862
92 1212
30 123
45 123
93 123
115 123
123 124
123 139
123 146
123 184
123 203
123 258
123 276
123 309
123 311
123 351
123 374
123 396
123 403
123 425
123 447
123 486
123 503
123 512
123 535
123 536
123 649
123 707
123 711
123 970
123 1056
123 1175
30 140
139 140
140 141
140 156
140 175
140 205
140 276
140 331
140 345
140 349
140 380
140 385
140 425
140 435
140 477
140 479
140 481
140 486
140 489
140 513
140 522
140 536
140 553
140 574
140 598
140 647
140 649
140 650
140 672
140 738
140 753
140 792
140 803
140 861
140 863
140 869
140 995
140 1031
140 1064
140 1179
140 1193
140 1284
140 1514
140 1584
140 1593
30 162
56 162
139 162
161 162
162 173
162 184
162 311
162 329
162 351
162 358
162 447
162 535
162 701
162 766
162 787
33 192
45 192
93 192
141 192
184 192
192 193
192 218
192 249
192 251
192 267
192 284
192 308
192 340
192 345
192 363
192 369
192 371
192 387
192 425
192 477
192 479
192 486
192 498
192 503
192 532
192 567
192 589
192 603
192 615
192 649
192 650
192 653
192 654
192 681
192 701
192 702
192 753
192 765
192 787
192 794
192 826
192 861
192 986
192 1050
192 1173
192 1179
192 1198
192 1214
192 1244
192 1294
192 1341
192 1397
192 1423
68 212
212 231
212 276
212 305
212 391
212 415
212 425
212 567
212 573
212 667
30 241
124 241
135 241
184 241
229 241
241 251
241 329
241 334
241 425
241 535
241 589
241 701
241 832
241 1548
184 242
242 264
242 276
242 1243
30 257
257 859
30 310
57 310
101 310
114 310
124 310
141 310
184 310
225 310
251 310
282 310
310 311
310 327
310 331
310 402
310 425
310 435
310 477
310 481
310 553
310 650
310 861
310 949
310 1086
30 315
124 315
184 315
278 315
311 315
314 315
315 345
315 369
315 374
315 380
315 403
315 481
315 486
315 535
315 536
315 604
315 638
315 649
315 654
315 756
315 804
315 861
315 869
315 966
315 1007
315 1193
315 1264
315 1471
612 854
13 14
13 26
13 27
13 47
13 50
13 114
13 141
13 172
13 173
13 190
13 193
13 226
13 236
13 268
13 276
13 299
13 314
13 318
13 331
13 332
13 334
13 376
13 388
13 412
13 415
13 503
13 512
13 525
13 567
13 590
13 640
13 647
13 659
13 715
13 732
13 748
13 756
13 775
13 812
13 836
13 845
13 866
13 886
13 906
13 920
13 968
13 973
13 984
13 987
13 1024
13 1037
13 1053
13 1198
13 1219
13 1236
13 1241
13 1345
13 1419
13 1438
13 1464
13 1484
13 1510
13 1589
14 408
14 1311
25 26
26 50
26 352
26 368
26 437
26 487
26 530
26 682
26 1305
26 1437
26 1506
26 1573
26 1601
46 47
47 900
32 50
50 51
50 80
50 82
50 136
50 150
50 153
50 173
50 189
50 193
50 267
50 275
50 317
50 322
50 340
50 359
50 391
50 418
50 453
50 460
50 520
50 529
50 541
50 559
50 567
50 606
50 607
50 665
50 671
50 683
50 728
50 978
50 986
50 998
50 1007
50 1033
50 1069
50 1117
50 1121
50 1201
50 1227
50 1237
50 1263
50 1361
50 1471
50 1538
50 1554
50 1566
113 114
33 141
108 141
141 198
141 265
25 172
33 172
61 172
72 172
172 352
172 368
172 401
172 437
172 487
172 1188
172 1312
172 1327
172 1336
172 1396
172 1408
172 1413
172 1444
63 173
83 173
173 202
56 190
190 191
190 599
190 846
63 193
136 193
169 193
193 230
193 470
218 226
236 341
236 928
236 1047
236 1401
236 1534
39 268
268 269
268 371
268 601
268 676
268 723
268 954
268 1113
268 1196
157 276
276 444
125 299
63 318
136 318
331 333
331 423
331 1113
331 1578
227 332
169 334
230 334
334 502
324 388
132 412
412 413
412 771
412 1291
133 415
155 415
198 415
243 415
415 431
415 444
415 759
415 795
415 834
415 966
415 1225
63 503
202 503
56 512
63 512
144 512
231 512
265 512
303 512
441 512
512 550
512 564
512 717
512 734
512 965
512 994
512 1006
512 1161
512 1275
512 1546
512 1609
487 525
56 567
63 567
169 567
210 567
227 567
235 567
265 567
63 590
204 590
321 590
639 640
640 1306
640 1596
657 732
732 733
324 748
502 756
33 775
157 775
194 775
263 775
502 775
775 819
775 1133
775 1252
63 812
324 812
627 812
812 876
208 836
836 984
845 846
845 984
56 866
408 866
169 906
457 987
987 1069
63 1037
1037 1221
82 1053
121 1053
260 1053
519 1053
202 1198
157 1464
208 1464
169 1589
265 408
408 1018
15 16
15 218
16 77
16 379
16 381
16 637
16 729
16 737
16 868
16 1149
16 1258
16 1299
16 1360
16 1465
16 1479
16 1522
16 1545
136 218
139 218
170 218
218 219
218 230
218 381
218 435
218 440
218 483
218 553
218 569
218 634
218 653
218 683
218 707
218 770
218 792
218 884
218 947
218 972
218 1000
218 1097
218 1183
218 1234
218 1249
218 1260
218 1278
218 1297
218 1344
218 1445
218 1590
218 1602
77 78
77 107
77 305
77 605
77 621
77 625
77 646
77 742
77 813
77 918
77 1096
77 1189
217 379
397 737
867 868
217 1522
17 56
17 125
17 227
17 362
17 404
17 470
17 540
17 573
17 1458
32 56
40 56
56 57
56 158
56 175
56 225
56 264
56 345
56 353
56 398
56 403
56 425
56 468
56 589
56 598
56 662
56 787
56 1533
125 126
125 231
125 264
125 351
125 367
125 403
125 481
125 509
125 532
125 595
125 773
125 815
125 833
125 951
125 1045
125 1102
125 1126
125 1217
125 1245
125 1268
125 1276
125 1282
125 1294
125 1499
125 1500
125 1556
227 228
227 231
227 323
227 403
227 418
227 455
227 456
227 526
227 547
227 658
227 698
227 707
227 781
227 827
227 998
227 1160
231 362
362 497
362 1245
282 404
358 404
383 404
403 404
404 413
404 548
404 566
404 690
404 707
404 877
404 970
404 1010
404 1031
404 1083
404 1157
404 1174
404 1257
404 1375
404 1434
404 1491
404 1603
60 470
108 470
243 470
264 470
317 470
323 470
403 470
466 470
470 471
470 479
470 671
470 728
470 861
132 540
198 540
346 540
540 653
540 778
540 789
540 974
540 1439
433 573
572 573
137 174
174 459
231 232
231 593
231 673
231 722
231 1055
231 1242
231 1288
41 329
202 329
53 373
372 373
265 403
403 457
403 591
83 986
444 986
801 1173
19 20
19 29
19 401
19 1405
20 33
20 45
20 63
20 68
20 144
20 263
20 422
20 441
20 493
20 579
20 584
20 946
20 1056
20 1164
20 1285
20 1505
20 1568
20 1586
28 29
29 660
29 1442
155 401
401 402
401 542
401 1092
401 1194
83 1405
1405 1542
32 33
33 103
33 108
33 155
33 262
33 361
33 398
33 466
33 499
33 791
33 803
33 826
33 848
33 922
33 1023
36 63
62 63
63 85
63 108
63 132
63 205
63 207
63 229
63 243
63 264
63 275
63 348
63 353
63 382
63 398
63 425
63 431
63 479
63 481
63 529
63 587
63 654
63 683
63 698
63 738
63 757
63 763
63 871
63 966
63 978
63 1082
63 1142
63 1168
63 1338
63 1404
63 1572
63 1588
48 68
68 69
68 175
68 395
68 406
68 407
68 584
68 613
68 719
68 763
68 895
68 913
68 1130
68 1148
68 1162
68 1208
68 1482
68 1580
68 1598
36 144
144 278
144 304
144 705
144 759
144 1362
32 263
36 263
116 263
155 263
262 263
263 398
263 499
263 768
263 791
263 848
263 1034
155 422
421 422
422 758
422 1387
133 441
440 441
111 579
356 579
83 584
101 584
484 584
584 708
169 946
202 1056
1056 1057
21 22
21 384
21 611
21 958
21 996
21 1111
21 1116
21 1186
21 1394
21 1498
22 107
22 279
22 695
22 750
22 1519
383 384
384 850
1110 1111
383 1116
32 1186
1185 1186
1186 1578
48 1394
105 107
107 245
107 569
107 1496
121 279
279 290
279 420
265 695
694 695
73 750
186 750
237 750
23 24
25 358
25 686
25 878
25 991
25 1195
319 358
358 528
358 657
358 700
358 744
358 840
358 875
358 1496
358 1555
324 686
457 686
130 878
629 878
878 1600
105 368
368 969
437 438
36 487
483 487
487 499
324 682
524 1305
1305 1365
405 1437
28 82
28 465
28 1011
28 1105
28 1230
28 1313
82 83
82 183
465 466
465 929
465 1039
465 1452
440 1011
660 801
30 791
133 791
791 1248
93 94
93 374
124 621
124 679
124 1039
124 1477
146 147
146 265
146 397
184 202
202 203
136 251
155 251
198 251
202 258
258 688
265 284
284 324
284 457
316 459
316 599
316 846
316 1528
180 345
345 466
110 351
157 351
202 351
363 364
363 464
137 369
157 369
215 369
369 500
369 586
369 615
369 767
369 879
369 1144
369 1209
369 1352
369 1570
250 390
389 390
390 433
390 449
390 550
390 617
390 674
390 898
390 970
390 1019
390 1470
396 397
41 416
265 416
202 447
202 486
397 515
217 536
157 649
202 649
328 649
454 649
157 650
454 766
787 1155
157 869
405 930
615 1060
32 154
32 157
32 194
154 155
154 1143
36 157
155 157
157 158
157 207
157 243
157 259
157 265
157 374
157 413
157 425
157 479
157 591
157 835
157 1007
157 1018
157 1048
157 1143
157 1220
157 1529
157 1535
76 194
155 194
194 398
194 1143
103 104
41 108
108 266
108 391
108 393
108 455
108 554
108 582
108 587
108 731
108 776
108 915
108 1081
108 1123
108 1192
108 1350
108 1357
108 1421
108 1462
108 1557
41 155
116 155
130 155
136 155
155 183
155 205
155 442
155 445
155 605
155 668
155 675
155 680
155 746
155 839
155 896
155 1051
155 1076
155 1515
155 1560
155 1579
155 1614
136 398
398 651
398 1051
398 1575
60 466
187 466
239 466
430 466
466 603
466 684
466 810
466 831
466 1029
466 1044
466 1199
466 1218
466 1280
466 1308
466 1448
466 1460
466 1463
466 1524
466 1527
466 1547
499 1133
499 1155
730 826
825 826
922 1154
922 1168
397 1023
34 35
34 989
35 113
35 136
35 230
35 265
35 324
35 457
35 502
35 693
35 1516
324 989
115 136
135 136
136 139
136 243
136 247
136 282
136 308
136 317
136 323
136 402
136 498
136 683
136 707
136 765
136 858
136 877
136 899
136 1028
136 1310
136 1367
115 230
135 230
229 230
230 282
230 308
230 340
230 671
230 683
230 726
230 784
59 265
87 265
132 265
204 265
249 265
265 266
265 273
265 350
265 353
265 425
265 479
265 496
265 513
265 551
265 561
265 629
265 654
265 683
265 708
265 749
265 751
265 816
265 825
265 857
265 860
265 861
265 926
265 949
265 1052
265 1077
265 1139
265 1495
265 1518
265 1565
73 324
139 324
198 324
243 324
282 324
308 324
323 324
324 370
324 430
324 471
324 479
324 547
324 707
324 724
324 780
324 847
324 858
324 877
324 980
324 983
324 1001
324 1010
324 1061
324 1342
324 1380
324 1450
324 1468
324 1550
60 457
83 457
326 457
456 457
457 547
457 565
457 583
457 980
457 1160
243 502
264 502
471 502
479 502
502 587
502 645
502 757
502 1010
502 1080
502 1193
340 693
693 704
693 901
693 1026
36 37
36 160
36 385
36 998
36 1098
36 1127
36 1190
36 1287
36 1370
60 385
137 385
261 385
340 385
385 389
385 459
385 552
385 594
385 600
385 623
385 669
385 881
385 976
385 1035
385 1095
385 1352
385 1420
385 1587
998 1611
484 1190
894 1287
959 1287
38 39
39 137
39 459
137 1088
137 1358
458 459
459 601
40 41
40 639
40 701
41 431
41 524
543 639
639 701
639 969
639 1333
701 702
701 1096
430 431
523 524
524 846
524 999
524 1337
524 1369
42 43
43 198
43 244
43 434
198 199
198 219
198 557
198 562
198 743
198 839
198 1300
64 434
434 661
48 49
48 76
48 206
48 340
48 436
48 488
48 710
48 975
48 976
48 1395
48 1523
49 88
75 76
76 283
76 321
76 454
76 721
76 774
76 1021
76 1192
76 1267
206 207
206 759
83 340
132 340
169 340
304 340
88 233
51 83
51 1141
80 81
80 83
80 346
80 629
150 1269
83 153
153 383
153 405
267 494
267 757
267 1338
83 275
275 420
83 317
83 322
359 360
83 391
243 391
288 391
391 688
391 1525
83 418
127 418
110 520
83 529
529 1615
83 541
541 1140
83 559
559 591
559 969
83 606
606 628
665 1187
83 671
169 683
683 860
83 728
83 1007
83 1033
892 1033
83 1069
83 1227
83 1263
90 1554
62 83
83 180
83 326
83 443
83 498
83 522
83 544
83 667
83 967
83 1048
83 1115
83 1171
83 1257
83 1476
652 1141
52 53
52 516
52 643
52 798
52 864
52 938
52 963
52 1228
52 1235
52 1472
52 1581
53 319
53 497
53 1563
516 517
516 740
516 1061
516 1331
643 644
643 762
207 798
864 865
937 938
962 963
271 319
319 320
319 399
319 425
319 510
319 679
319 832
319 1286
497 1340
55 698
57 1536
66 321
204 205
204 1352
259 947
259 1446
264 662
264 1140
187 309
133 349
202 349
349 1100
81 380
277 425
425 555
425 562
425 570
589 1478
372 601
827 1259
927 928
698 842
698 849
698 1223
698 1372
698 1492
175 176
175 426
662 663
58 59
59 271
73 271
270 271
271 328
271 330
271 371
271 577
271 780
271 1036
271 1457
60 61
60 205
60 1430
61 1107
205 543
205 843
84 85
85 112
85 147
85 149
85 594
85 764
85 799
85 814
85 867
85 939
85 1020
85 1106
85 1255
85 1346
85 1475
131 132
132 260
132 495
132 699
132 727
132 819
132 898
132 957
132 1374
207 1076
229 440
229 653
243 393
243 911
243 1231
321 587
484 871
793 871
871 872
133 1082
1168 1169
767 1404
64 65
64 119
64 903
64 1041
64 1153
64 1391
119 661
661 903
180 321
321 392
202 374
394 652
394 1202
176 553
202 591
211 591
440 591
591 1120
591 1130
591 1359
591 1399
202 616
254 616
328 670
594 676
676 879
202 681
782 783
97 820
202 1239
1239 1240
156 395
1130 1409
294 295
490 491
491 528
491 1016
491 1101
490 703
528 703
703 1016
707 1487
555 888
887 888
888 1112
888 1211
888 1251
1347 1418
1355 1356
71 72
71 133
71 714
95 133
133 134
133 428
133 555
133 677
133 790
133 818
133 822
133 823
133 887
133 897
133 914
133 933
133 948
133 1019
133 1088
133 1264
133 1435
133 1512
440 714
73 74
73 111
73 400
73 743
73 981
73 1005
73 1038
73 1152
73 1324
73 1406
73 1436
73 1480
73 1526
73 1540
73 1567
73 1613
111 859
87 1324
222 1406
75 325
75 576
75 1131
116 325
325 1456
1131 1132
454 455
454 509
454 1031
454 1083
273 1021
1021 1513
78 344
78 969
78 1323
105 305
305 306
305 514
305 969
605 881
620 621
621 993
621 1595
625 969
625 1323
105 646
646 969
87 742
105 742
813 969
344 1459
969 1246
969 1393
81 1481
81 1494
116 346
260 346
346 347
346 508
346 666
346 1063
346 1068
346 1135
346 1272
346 1400
346 1432
131 629
629 630
629 696
629 889
629 971
629 1029
629 1292
629 1459
629 1539
180 181
169 522
1031 1257
1157 1257
724 814
378 1106
237 1346
1018 1346
1244 1346
1346 1386
1346 1461
86 87
86 805
87 105
87 235
87 246
87 302
87 476
87 505
87 511
87 837
87 880
87 1226
87 1233
87 1262
87 1329
87 1416
87 1564
105 1246
109 235
234 235
235 511
235 1025
235 1073
235 1273
235 1466
246 247
301 302
413 505
504 505
505 865
505 952
505 1016
505 1040
505 1114
505 1139
438 511
511 636
511 688
101 880
366 880
90 1193
367 405
697 1125
94 993
993 994
993 1541
95 96
95 1032
96 386
96 793
96 1213
386 1266
793 794
97 98
97 1009
328 1009
1009 1181
1009 1182
1009 1383
100 1378
1377 1378
101 102
101 213
101 217
101 292
101 452
101 531
101 672
101 765
101 838
101 1000
101 1046
101 1256
101 1274
101 1326
101 1389
101 1417
213 405
216 217
217 673
217 815
217 1052
292 293
292 907
292 964
292 1488
292 1549
292 1576
393 547
304 455
455 484
455 1075
731 873
776 777
1123 1124
109 110
110 250
110 261
110 356
110 411
110 534
110 617
110 1165
260 261
355 356
534 950
306 617
538 617
1165 1166
712 859
859 1372
115 116
116 201
116 566
116 648
116 779
116 1317
116 1531
214 215
668 739
661 1015
661 1320
661 1583
120 121
121 130
121 308
121 451
121 469
121 475
121 482
121 513
121 723
121 821
121 824
121 909
121 1042
121 1079
121 1184
121 1232
121 1254
121 1277
121 1328
121 1440
129 130
308 1059
474 475
482 1129
658 723
823 824
1079 1269
421 1277
519 1277
440 1440
699 711
711 1537
620 679
679 1353
1039 1070
1039 1412
126 1004
595 609
169 833
440 1126
1245 1429
1293 1294
127 128
129 626
129 945
539 626
945 982
260 478
260 797
260 1384
260 1490
222 699
699 700
819 916
956 957
335 555
677 678
817 818
632 933
1019 1114
1019 1351
169 282
899 1146
1028 1146
545 1310
580 1358
290 328
328 839
328 870
328 988
328 1030
328 1336
156 1261
156 1612
752 753
753 1289
753 1508
143 1364
277 278
278 700
303 304
304 537
196 759
375 1259
252 1290
335 336
335 521
335 542
335 1074
449 876
209 1269
1180 1269
405 736
405 810
405 811
405 990
405 1054
405 1451
405 1607
405 1610
442 652
442 1303
442 1518
208 445
445 1205
675 1109
745 746
239 1076
413 543
413 882
210 1220
785 786
684 778
954 955
955 1316
167 168
168 426
426 427
426 1055
169 170
169 424
169 615
169 747
169 780
169 882
169 943
169 1147
169 1450
202 439
202 754
202 1091
202 1543
176 427
178 179
178 188
178 496
178 1070
187 188
188 239
188 828
181 720
181 1151
720 739
720 1093
720 1094
720 1296
474 614
614 658
614 1368
187 706
187 786
187 1298
187 1376
187 1511
430 786
239 769
828 890
846 934
846 1295
846 1365
602 603
603 1067
222 653
208 1050
754 755
542 543
543 563
543 850
543 1433
543 1551
843 844
208 209
210 211
210 564
210 741
288 673
440 1426
440 1443
688 1234
1113 1249
484 1297
222 223
222 901
222 1012
222 1385
223 688
223 936
290 1012
700 1012
508 688
687 688
688 1289
781 807
784 1181
232 941
593 1599
1054 1055
1242 1467
237 238
237 1145
237 1449
237 1509
769 890
254 255
796 797
700 1034
273 274
273 514
273 942
548 561
708 772
708 1489
696 825
696 860
484 926
926 1532
494 1521
514 855
420 1022
420 1390
700 921
700 1084
700 1172
290 291
290 327
290 1136
290 1247
952 1197
484 485
484 533
484 558
484 570
484 885
484 959
484 961
484 1017
484 1108
484 1134
484 1137
484 1366
484 1497
484 1507
484 1517
287 288
288 419
1502 1577
320 1295
580 1286
999 1295
724 725
1455 1456
870 1006
988 1203
988 1339
988 1520
333 1118
333 1180
1118 1319
1099 1100
744 961
744 1150
360 655
365 366
366 1072
366 1253
366 1453
500 501
586 801
377 378
609 850
849 850
850 919
850 1315
850 1318
1095 1368
448 449
449 1530
674 831
548 549
548 631
548 642
548 1270
548 1271
990 1552
632 716
421 635
421 1483
758 851
1387 1388
1387 1582
570 571
1302 1303
929 1090
929 1412
1307 1308
960 961
1155 1216
865 953
1040 1167
717 718
717 1058
518 519
519 932
519 1169
519 1354
519 1608
1368 1369
538 539
539 1281
778 1043
788 789
789 977
789 1224
545 546
545 1103
632 735
580 581
580 1238
801 802
801 1176
801 1206
801 1330
1119 1120
1120 1332
608 609
609 1558
854 1283
632 633
1014 1015
1015 1441
739 1138
739 1411
712 713
712 892
891 892
890 1363
777 1363
807 808
1181 1185
796 1279
934 935
893 894
1154 1422
1154 1569
982 1325
982 1561
1383 1398
1513 1571
1066 1167
1065 1066
1066 1321
1428 1429
1398 1559
1398 1616
