1 2
1 3
1 4
1 5
1 6
1 7
1 8
1 9
1 10
1 11
1 12
1 13
1 14
1 15
1 16
1 17
1 18
1 19
1 20
1 21
1 22
1 23
1 24
1 25
1 26
1 27
1 28
1 29
1 30
1 31
1 32
1 33
1 34
1 35
1 36
1 37
1 38
1 39
1 40
1 41
1 42
1 43
1 44
1 45
1 46
1 47
1 48
1 49
1 50
1 51
1 52
1 53
1 54
1 55
1 56
1 57
1 58
1 59
1 60
1 61
1 62
1 63
1 64
1 65
1 66
1 67
1 68
1 69
1 70
1 71
1 72
1 73
1 74
1 75
1 76
1 77
1 78
1 79
1 80
1 81
1 82
1 83
1 84
1 85
1 86
1 87
1 88
1 89
1 90
1 91
1 93
1 94
1 95
1 96
1 98
1 99
1 100
1 101
1 102
1 103
1 104
1 105
1 106
1 107
1 108
1 109
1 110
1 111
1 112
1 113
1 115
1 116
1 117
1 118
1 119
1 120
1 121
1 122
1 123
1 124
1 125
1 126
1 128
1 129
1 130
1 133
1 134
1 136
1 149
1 151
2 6
2 7
2 9
2 10
2 13
2 14
2 17
2 18
2 20
2 22
2 23
2 25
2 29
2 32
2 33
2 34
2 35
2 37
2 38
2 40
2 42
2 43
2 44
2 45
2 46
2 47
2 48
2 55
2 56
2 57
2 58
2 59
2 63
2 65
2 67
2 68
2 69
2 70
2 71
2 72
2 74
2 75
2 76
2 80
2 83
2 84
2 85
2 86
2 87
2 88
2 89
2 93
2 94
2 95
2 96
2 98
2 100
2 104
2 106
2 112
2 113
2 115
2 117
2 118
2 119
2 123
2 151
2 165
3 4
3 6
3 7
3 8
3 9
3 13
3 14
3 15
3 16
3 17
3 18
3 20
3 24
3 25
3 26
3 27
3 29
3 30
3 31
3 32
3 35
3 37
3 38
3 39
3 40
3 41
3 42
3 44
3 45
3 47
3 48
3 50
3 51
3 52
3 53
3 55
3 56
3 60
3 62
3 63
3 64
3 66
3 67
3 68
3 69
3 71
3 72
3 76
3 77
3 80
3 81
3 83
3 84
3 85
3 86
3 90
3 99
3 100
3 102
3 105
3 107
3 112
3 113
3 115
3 117
3 128
3 136
4 5
4 6
4 7
4 8
4 9
4 10
4 13
4 14
4 15
4 16
4 17
4 18
4 19
4 20
4 23
4 27
4 29
4 30
4 33
4 34
4 35
4 37
4 38
4 40
4 41
4 45
4 47
4 48
4 49
4 50
4 52
4 53
4 54
4 55
4 56
4 57
4 58
4 65
4 66
4 68
4 69
4 70
4 71
4 73
4 74
4 75
4 76
4 81
4 82
4 84
4 86
4 88
4 89
4 90
4 93
4 95
4 101
4 102
4 106
4 113
4 117
4 121
4 124
5 7
5 9
5 10
5 11
5 12
5 13
5 14
5 15
5 18
5 23
5 24
5 25
5 27
5 28
5 29
5 30
5 31
5 32
5 33
5 35
5 36
5 37
5 38
5 39
5 42
5 45
5 47
5 52
5 54
5 56
5 58
5 61
5 65
5 66
5 67
5 69
5 71
5 72
5 73
5 74
5 77
5 81
5 83
5 86
5 88
5 90
5 106
5 109
5 112
5 113
5 115
5 117
6 7
6 8
6 10
6 13
6 16
6 18
6 20
6 22
6 31
6 35
6 36
6 37
6 38
6 40
6 41
6 42
6 43
6 45
6 46
6 47
6 49
6 50
6 53
6 57
6 69
6 70
6 78
6 82
6 87
6 89
6 93
6 94
6 95
6 98
6 99
6 101
6 106
6 107
6 109
6 113
6 121
6 124
6 128
6 130
7 8
7 9
7 10
7 11
7 13
7 14
7 15
7 16
7 18
7 19
7 20
7 21
7 22
7 23
7 24
7 27
7 29
7 30
7 31
7 32
7 33
7 34
7 35
7 37
7 38
7 42
7 43
7 44
7 45
7 47
7 49
7 50
7 51
7 55
7 57
7 58
7 59
7 63
7 65
7 67
7 68
7 69
7 70
7 72
7 74
7 75
7 77
7 79
7 80
7 81
7 83
7 84
7 85
7 87
7 90
7 93
7 94
7 95
7 98
7 100
7 103
7 104
7 105
7 107
7 112
7 113
7 115
7 117
7 123
7 151
8 9
8 13
8 15
8 16
8 17
8 18
8 20
8 23
8 24
8 25
8 27
8 28
8 29
8 30
8 32
8 33
8 35
8 37
8 38
8 39
8 40
8 41
8 42
8 44
8 45
8 46
8 47
8 48
8 50
8 51
8 52
8 53
8 62
8 66
8 67
8 68
8 69
8 71
8 76
8 77
8 80
8 81
8 83
8 84
8 86
8 90
8 104
8 107
8 112
8 113
8 115
8 121
9 13
9 14
9 15
9 17
9 18
9 19
9 25
9 26
9 27
9 32
9 35
9 36
9 37
9 38
9 39
9 42
9 44
9 45
9 46
9 47
9 48
9 50
9 53
9 56
9 58
9 59
9 61
9 62
9 64
9 65
9 66
9 67
9 68
9 69
9 71
9 72
9 73
9 74
9 76
9 77
9 80
9 83
9 84
9 85
9 86
9 88
9 90
9 92
9 94
9 95
9 100
9 104
9 112
9 113
9 115
9 117
10 14
10 18
10 19
10 20
10 21
10 22
10 23
10 27
10 29
10 30
10 32
10 33
10 35
10 37
10 38
10 42
10 43
10 44
10 45
10 46
10 47
10 50
10 54
10 55
10 56
10 57
10 58
10 59
10 63
10 65
10 68
10 73
10 75
10 79
10 84
10 87
10 88
10 89
10 93
10 94
10 95
10 98
10 100
10 104
10 105
10 106
10 107
10 109
10 112
10 113
10 115
10 118
10 123
10 133
10 151
11 12
11 14
11 15
11 25
11 31
11 32
11 33
11 35
11 37
11 38
11 45
11 47
11 54
11 58
11 63
11 65
11 71
11 74
11 83
11 106
11 113
11 117
12 14
12 15
12 25
12 31
12 33
12 35
12 37
12 38
12 40
12 45
12 47
12 54
12 56
12 58
12 61
12 65
12 71
12 72
12 73
12 74
12 88
12 96
12 113
12 117
13 14
13 15
13 16
13 17
13 18
13 20
13 23
13 27
13 30
13 31
13 32
13 34
13 35
13 37
13 38
13 40
13 41
13 43
13 44
13 45
13 47
13 48
13 50
13 51
13 53
13 58
13 59
13 60
13 61
13 62
13 65
13 66
13 67
13 68
13 69
13 70
13 71
13 72
13 73
13 74
13 75
13 76
13 77
13 81
13 82
13 84
13 85
13 86
13 93
13 106
13 112
13 113
13 115
13 117
13 121
14 15
14 17
14 22
14 25
14 31
14 32
14 35
14 36
14 37
14 38
14 42
14 44
14 45
14 46
14 47
14 50
14 53
14 54
14 56
14 58
14 59
14 61
14 62
14 63
14 64
14 65
14 66
14 67
14 68
14 69
14 70
14 71
14 72
14 73
14 74
14 77
14 80
14 84
14 85
14 86
14 88
14 90
14 92
14 94
14 95
14 97
14 100
14 103
14 104
14 112
14 113
14 115
14 117
14 160
15 17
15 22
15 23
15 24
15 25
15 26
15 27
15 29
15 30
15 31
15 32
15 33
15 35
15 36
15 37
15 38
15 39
15 40
15 42
15 43
15 44
15 45
15 47
15 48
15 50
15 54
15 56
15 61
15 62
15 64
15 65
15 66
15 67
15 68
15 69
15 71
15 72
15 73
15 74
15 77
15 80
15 81
15 82
15 83
15 86
15 88
15 90
15 96
15 112
15 113
15 115
15 117
15 161
16 23
16 35
16 37
16 38
16 40
16 44
16 45
16 47
16 50
16 57
16 98
16 101
16 106
16 110
16 113
16 115
16 121
17 18
17 19
17 30
17 35
17 37
17 38
17 40
17 45
17 47
17 48
17 49
17 50
17 53
17 54
17 56
17 65
17 66
17 68
17 69
17 74
17 76
17 77
17 86
17 104
17 113
17 115
18 19
18 20
18 21
18 23
18 24
18 26
18 27
18 30
18 31
18 32
18 34
18 35
18 36
18 37
18 38
18 40
18 41
18 42
18 43
18 44
18 45
18 46
18 47
18 48
18 50
18 51
18 53
18 55
18 56
18 57
18 58
18 62
18 63
18 64
18 66
18 67
18 68
18 69
18 71
18 72
18 74
18 75
18 76
18 79
18 80
18 81
18 82
18 83
18 84
18 85
18 86
18 88
18 89
18 90
18 91
18 93
18 94
18 95
18 96
18 99
18 101
18 104
18 107
18 108
18 109
18 110
18 111
18 112
18 113
18 115
18 164
19 21
19 23
19 35
19 37
19 38
19 45
19 47
19 48
19 50
19 57
19 58
19 66
19 67
19 68
19 69
19 70
19 75
19 76
19 79
19 81
19 82
19 84
19 85
19 86
19 87
19 88
19 89
19 90
19 91
19 93
19 94
19 101
19 113
20 21
20 22
20 23
20 25
20 28
20 29
20 30
20 33
20 35
20 36
20 37
20 38
20 40
20 42
20 43
20 45
20 47
20 50
20 51
20 52
20 53
20 57
20 62
20 63
20 64
20 70
20 75
20 81
20 83
20 94
20 95
20 98
20 102
20 111
20 112
20 113
20 115
20 128
20 149
20 151
21 22
21 23
21 26
21 29
21 31
21 33
21 34
21 35
21 37
21 38
21 39
21 42
21 43
21 44
21 45
21 46
21 47
21 48
21 49
21 55
21 56
21 57
21 58
21 68
21 69
21 70
21 71
21 72
21 75
21 76
21 80
21 82
21 84
21 85
21 86
21 88
21 89
21 90
21 94
21 98
21 99
21 100
21 109
21 111
21 112
21 113
21 115
21 133
21 151
22 23
22 27
22 29
22 31
22 32
22 33
22 35
22 36
22 37
22 38
22 39
22 42
22 43
22 44
22 45
22 46
22 47
22 50
22 56
22 58
22 62
22 63
22 64
22 65
22 68
22 70
22 72
22 75
22 77
22 79
22 82
22 85
22 88
22 89
22 90
22 91
22 93
22 94
22 95
22 98
22 104
22 105
22 113
22 115
22 149
22 151
23 24
23 26
23 28
23 29
23 30
23 31
23 32
23 33
23 34
23 35
23 36
23 37
23 38
23 39
23 41
23 42
23 43
23 45
23 46
23 47
23 48
23 50
23 51
23 52
23 55
23 56
23 57
23 58
23 60
23 61
23 63
23 64
23 65
23 68
23 70
23 73
23 75
23 77
23 78
23 80
23 81
23 83
23 85
23 86
23 87
23 90
23 91
23 93
23 94
23 98
23 103
23 104
23 105
23 109
23 110
23 111
23 112
23 113
23 115
23 118
23 128
23 130
23 149
23 151
23 163
24 25
24 26
24 27
24 29
24 30
24 31
24 32
24 34
24 35
24 37
24 38
24 39
24 42
24 44
24 45
24 46
24 47
24 51
24 60
24 62
24 66
24 72
24 77
24 80
24 81
24 83
24 87
24 90
24 103
24 105
24 112
24 113
24 115
24 117
25 26
25 27
25 30
25 31
25 32
25 35
25 37
25 38
25 45
25 46
25 47
25 50
25 60
25 66
25 71
25 72
25 80
25 90
25 103
25 113
25 115
25 149
26 27
26 30
26 31
26 32
26 35
26 36
26 37
26 38
26 39
26 41
26 42
26 44
26 45
26 47
26 50
26 51
26 52
26 59
26 60
26 62
26 64
26 66
26 67
26 69
26 71
26 77
26 80
26 81
26 83
26 84
26 86
26 87
26 90
26 94
26 100
26 103
26 104
26 105
26 112
26 113
26 115
26 117
26 139
26 149
26 152
27 28
27 30
27 31
27 32
27 35
27 37
27 38
27 39
27 40
27 42
27 43
27 44
27 45
27 46
27 47
27 48
27 50
27 53
27 54
27 56
27 60
27 62
27 63
27 64
27 66
27 67
27 68
27 69
27 70
27 72
27 74
27 75
27 76
27 77
27 80
27 81
27 83
27 84
27 85
27 86
27 87
27 88
27 90
27 93
27 101
27 102
27 112
27 113
27 115
27 117
27 124
28 29
28 35
28 37
28 38
28 39
28 45
28 47
28 54
28 60
28 83
28 102
28 113
28 115
29 30
29 31
29 33
29 34
29 35
29 36
29 37
29 38
29 39
29 42
29 43
29 45
29 46
29 47
29 48
29 49
29 50
29 52
29 53
29 54
29 56
29 57
29 58
29 59
29 63
29 70
29 71
29 75
29 77
29 80
29 81
29 82
29 83
29 85
29 86
29 88
29 89
29 90
29 93
29 94
29 95
29 98
29 100
29 102
29 104
29 106
29 109
29 112
29 113
29 115
29 119
29 120
29 122
29 130
30 31
30 32
30 33
30 35
30 36
30 37
30 38
30 39
30 44
30 45
30 46
30 47
30 50
30 54
30 59
30 66
30 67
30 68
30 70
30 82
30 83
30 84
30 94
30 95
30 100
30 103
30 104
30 112
30 113
30 115
31 32
31 33
31 35
31 36
31 37
31 38
31 42
31 45
31 46
31 47
31 53
31 54
31 57
31 58
31 60
31 62
31 63
31 66
31 67
31 70
31 71
31 72
31 74
31 75
31 80
31 87
31 95
31 103
31 104
31 105
31 112
31 113
31 115
32 34
32 35
32 36
32 37
32 38
32 39
32 42
32 44
32 45
32 46
32 47
32 50
32 51
32 52
32 54
32 59
32 62
32 66
32 67
32 70
32 71
32 77
32 80
32 83
32 86
32 87
32 89
32 94
32 95
32 97
32 100
32 103
32 104
32 105
32 112
32 113
32 115
32 117
32 128
32 138
32 149
33 34
33 35
33 37
33 38
33 42
33 43
33 45
33 46
33 47
33 48
33 54
33 56
33 58
33 60
33 61
33 62
33 63
33 64
33 74
33 83
33 90
33 93
33 94
33 96
33 98
33 104
33 106
33 113
33 115
33 117
33 118
33 130
33 151
34 35
34 37
34 38
34 39
34 45
34 46
34 47
34 50
34 51
34 52
34 68
34 71
34 73
34 83
34 87
34 98
34 103
34 104
34 112
34 113
34 115
35 36
35 37
35 38
35 39
35 40
35 41
35 42
35 43
35 44
35 45
35 46
35 47
35 48
35 49
35 50
35 51
35 52
35 53
35 54
35 55
35 56
35 57
35 58
35 59
35 60
35 61
35 62
35 63
35 64
35 65
35 66
35 67
35 68
35 69
35 70
35 71
35 72
35 73
35 74
35 75
35 76
35 77
35 78
35 79
35 80
35 81
35 82
35 83
35 84
35 85
35 86
35 87
35 88
35 89
35 90
35 91
35 93
35 94
35 95
35 96
35 98
35 99
35 100
35 101
35 102
35 103
35 104
35 105
35 106
35 107
35 108
35 109
35 110
35 112
35 113
35 115
35 116
35 117
35 118
35 119
35 120
35 121
35 122
35 123
35 124
35 125
35 126
35 128
35 129
35 130
35 133
35 136
35 149
35 151
36 37
36 38
36 39
36 44
36 45
36 46
36 47
36 53
36 57
36 59
36 69
36 70
36 72
36 80
36 83
36 86
36 87
36 90
36 103
36 112
36 113
36 115
36 117
36 149
36 150
37 38
37 39
37 40
37 41
37 42
37 43
37 44
37 45
37 46
37 47
37 48
37 49
37 50
37 51
37 52
37 53
37 54
37 55
37 56
37 57
37 58
37 59
37 60
37 61
37 62
37 63
37 64
37 65
37 66
37 67
37 68
37 69
37 70
37 71
37 72
37 73
37 74
37 75
37 76
37 77
37 78
37 79
37 80
37 81
37 82
37 83
37 84
37 85
37 86
37 87
37 88
37 89
37 90
37 91
37 92
37 93
37 94
37 95
37 96
37 97
37 98
37 99
37 100
37 101
37 102
37 103
37 104
37 105
37 106
37 107
37 108
37 109
37 110
37 111
37 112
37 113
37 114
37 115
37 116
37 117
37 118
37 119
37 120
37 121
37 122
37 123
37 124
37 125
37 126
37 127
37 128
37 129
37 130
37 131
37 132
37 133
37 134
37 135
37 136
37 149
38 39
38 40
38 41
38 42
38 43
38 44
38 45
38 46
38 47
38 48
38 49
38 50
38 51
38 52
38 53
38 54
38 55
38 56
38 57
38 58
38 59
38 60
38 61
38 62
38 63
38 64
38 65
38 66
38 67
38 68
38 69
38 70
38 71
38 72
38 73
38 74
38 75
38 76
38 77
38 78
38 79
38 80
38 81
38 82
38 83
38 84
38 85
38 86
38 87
38 88
38 89
38 90
38 91
38 92
38 93
38 94
38 95
38 96
38 97
38 98
38 99
38 100
38 101
38 102
38 103
38 104
38 105
38 106
38 107
38 108
38 109
38 110
38 111
38 112
38 113
38 114
38 115
38 116
38 117
38 118
38 119
38 120
38 121
38 122
38 123
38 124
38 125
38 126
38 127
38 128
38 129
38 130
38 131
38 132
38 133
38 134
38 135
38 136
38 138
38 144
38 149
38 151
39 42
39 45
39 46
39 47
39 50
39 51
39 53
39 54
39 56
39 62
39 66
39 68
39 73
39 77
39 81
39 83
39 90
39 100
39 112
39 113
39 115
39 117
39 119
39 120
39 122
40 41
40 42
40 43
40 45
40 47
40 48
40 49
40 50
40 51
40 52
40 53
40 58
40 59
40 61
40 65
40 66
40 67
40 68
40 69
40 70
40 71
40 72
40 73
40 74
40 75
40 76
40 78
40 81
40 82
40 84
40 86
40 93
40 94
40 96
40 101
40 106
40 113
40 117
40 121
40 124
41 42
41 45
41 46
41 47
41 50
41 53
41 60
41 69
41 81
41 86
41 93
41 113
41 115
42 43
42 44
42 45
42 46
42 47
42 49
42 50
42 51
42 52
42 53
42 54
42 55
42 58
42 59
42 60
42 61
42 62
42 63
42 64
42 65
42 66
42 67
42 68
42 69
42 70
42 71
42 72
42 73
42 74
42 76
42 77
42 79
42 80
42 82
42 84
42 85
42 86
42 87
42 90
42 91
42 93
42 94
42 95
42 96
42 98
42 100
42 104
42 110
42 111
42 112
42 113
42 115
42 117
42 120
42 151
43 44
43 45
43 46
43 47
43 49
43 50
43 54
43 56
43 57
43 58
43 59
43 63
43 64
43 69
43 79
43 80
43 81
43 82
43 87
43 90
43 94
43 95
43 98
43 100
43 112
43 113
43 115
43 117
43 151
44 45
44 46
44 47
44 48
44 50
44 53
44 56
44 59
44 63
44 65
44 66
44 67
44 68
44 69
44 74
44 76
44 79
44 80
44 81
44 84
44 85
44 86
44 87
44 88
44 89
44 90
44 91
44 94
44 95
44 104
44 112
44 113
44 115
44 123
44 125
44 149
44 151
45 46
45 47
45 48
45 49
45 50
45 51
45 52
45 53
45 54
45 55
45 56
45 57
45 58
45 59
45 60
45 61
45 62
45 63
45 64
45 65
45 66
45 67
45 68
45 69
45 70
45 71
45 72
45 73
45 74
45 75
45 76
45 77
45 78
45 79
45 80
45 81
45 82
45 83
45 84
45 85
45 86
45 87
45 88
45 89
45 90
45 91
45 92
45 93
45 94
45 95
45 96
45 97
45 98
45 99
45 100
45 101
45 102
45 103
45 104
45 105
45 106
45 107
45 108
45 109
45 110
45 111
45 112
45 113
45 114
45 115
45 116
45 117
45 118
45 119
45 120
45 121
45 122
45 123
45 124
45 125
45 126
45 127
45 128
45 129
45 130
45 131
45 132
45 133
45 134
45 135
45 136
45 151
46 47
46 49
46 50
46 51
46 52
46 53
46 56
46 57
46 58
46 59
46 61
46 64
46 69
46 70
46 71
46 72
46 73
46 75
46 77
46 81
46 83
46 84
46 85
46 87
46 92
46 93
46 94
46 95
46 96
46 97
46 98
46 100
46 101
46 102
46 103
46 105
46 106
46 107
46 108
46 109
46 110
46 112
46 113
46 115
46 118
46 119
46 123
46 124
46 125
46 126
46 127
46 128
46 129
46 130
47 48
47 49
47 50
47 51
47 52
47 53
47 54
47 55
47 56
47 57
47 58
47 59
47 60
47 61
47 62
47 63
47 64
47 65
47 66
47 67
47 68
47 69
47 70
47 71
47 72
47 73
47 74
47 75
47 76
47 77
47 78
47 79
47 80
47 81
47 82
47 83
47 84
47 85
47 86
47 87
47 88
47 89
47 90
47 91
47 93
47 94
47 95
47 96
47 98
47 99
47 100
47 101
47 102
47 103
47 104
47 105
47 106
47 107
47 108
47 109
47 110
47 112
47 113
47 115
47 116
47 117
47 118
47 119
47 120
47 121
47 122
47 123
47 124
47 125
47 126
47 128
47 129
47 130
47 133
47 136
47 138
47 149
47 151
47 167
48 49
48 50
48 53
48 55
48 56
48 58
48 59
48 63
48 67
48 68
48 69
48 70
48 71
48 75
48 78
48 79
48 81
48 82
48 84
48 85
48 86
48 89
48 90
48 93
48 94
48 95
48 99
48 101
48 104
48 113
48 115
48 124
49 50
49 53
49 63
49 65
49 69
49 70
49 75
49 76
49 82
49 84
49 86
49 89
49 98
49 101
49 105
49 113
49 115
50 51
50 52
50 53
50 54
50 55
50 56
50 57
50 58
50 59
50 61
50 63
50 65
50 66
50 68
50 69
50 70
50 72
50 74
50 75
50 76
50 77
50 78
50 81
50 82
50 83
50 84
50 85
50 86
50 87
50 90
50 91
50 93
50 96
50 98
50 101
50 102
50 103
50 105
50 107
50 108
50 109
50 110
50 111
50 112
50 113
50 115
50 119
50 121
50 122
50 123
50 124
50 125
50 126
50 151
51 53
51 60
51 62
51 63
51 77
51 81
51 113
51 165
52 53
52 66
52 83
52 86
52 90
52 103
52 105
52 113
52 115
53 54
53 59
53 66
53 68
53 69
53 70
53 71
53 74
53 75
53 76
53 77
53 81
53 84
53 86
53 93
53 94
53 101
53 102
53 105
53 113
53 115
53 122
53 124
53 153
54 56
54 58
54 61
54 62
54 66
54 67
54 71
54 73
54 74
54 76
54 81
54 83
54 86
54 88
54 93
54 96
54 101
54 113
54 117
54 119
54 120
54 124
55 56
55 57
55 68
55 76
55 81
55 85
55 88
55 94
55 101
55 107
55 113
55 115
56 57
56 58
56 59
56 61
56 65
56 66
56 67
56 68
56 69
56 70
56 71
56 72
56 73
56 75
56 76
56 77
56 80
56 81
56 82
56 83
56 84
56 85
56 86
56 87
56 88
56 89
56 90
56 93
56 94
56 95
56 96
56 100
56 101
56 104
56 107
56 113
56 115
56 117
57 63
57 69
57 71
57 76
57 79
57 81
57 82
57 84
57 86
57 88
57 89
57 93
57 94
57 98
57 99
57 100
57 101
57 102
57 104
57 107
57 108
57 109
57 110
57 111
57 112
57 113
57 115
57 130
57 139
57 162
58 59
58 65
58 71
58 73
58 74
58 82
58 83
58 90
58 94
58 95
58 98
58 104
58 106
58 109
58 112
58 113
58 115
58 117
58 118
58 121
58 151
59 62
59 63
59 64
59 65
59 66
59 67
59 68
59 69
59 72
59 74
59 76
59 79
59 80
59 81
59 83
59 84
59 85
59 86
59 88
59 89
59 90
59 94
59 95
59 104
59 112
59 113
59 115
59 117
59 123
59 146
59 149
60 62
60 64
60 66
60 77
60 80
60 83
60 100
60 104
60 113
60 117
61 71
61 83
61 88
61 96
61 106
61 113
61 115
61 117
61 121
62 63
62 64
62 66
62 68
62 69
62 70
62 71
62 72
62 77
62 79
62 80
62 81
62 83
62 87
62 90
62 91
62 98
62 112
62 113
62 115
63 64
63 68
63 69
63 70
63 71
63 74
63 75
63 80
63 82
63 83
63 84
63 87
63 91
63 94
63 98
63 100
63 104
63 110
63 111
63 112
63 113
63 115
63 118
63 122
63 125
63 133
63 151
64 65
64 66
64 67
64 68
64 69
64 70
64 72
64 80
64 84
64 90
64 91
64 100
64 112
64 113
64 115
64 158
65 68
65 69
65 71
65 72
65 73
65 74
65 76
65 79
65 80
65 86
65 90
65 92
65 94
65 95
65 98
65 104
65 112
65 113
65 117
65 123
66 67
66 68
66 69
66 72
66 76
66 77
66 80
66 81
66 82
66 83
66 84
66 85
66 86
66 90
66 91
66 100
66 104
66 113
66 115
66 117
67 68
67 69
67 72
67 74
67 75
67 77
67 79
67 80
67 83
67 84
67 85
67 86
67 90
67 91
67 94
67 100
67 113
67 115
67 117
68 69
68 70
68 72
68 74
68 75
68 76
68 77
68 80
68 81
68 84
68 85
68 86
68 88
68 90
68 92
68 93
68 94
68 100
68 112
68 113
68 115
68 117
68 145
68 154
68 166
69 70
69 71
69 72
69 73
69 74
69 75
69 76
69 77
69 79
69 80
69 81
69 84
69 85
69 86
69 88
69 89
69 90
69 93
69 94
69 95
69 99
69 100
69 101
69 112
69 113
69 115
69 123
69 124
70 73
70 74
70 75
70 76
70 80
70 82
70 84
70 85
70 86
70 87
70 88
70 89
70 90
70 93
70 94
70 95
70 98
70 104
70 105
70 109
70 111
70 112
70 113
70 115
70 151
71 72
71 73
71 74
71 84
71 94
71 95
71 104
71 106
71 107
71 112
71 113
71 115
71 117
71 118
71 151
72 73
72 74
72 77
72 80
72 83
72 85
72 86
72 90
72 92
72 94
72 100
72 104
72 112
72 113
72 115
72 117
73 74
73 80
73 83
73 94
73 95
73 98
73 104
73 106
73 113
73 115
73 117
73 120
73 121
73 133
74 87
74 90
74 92
74 94
74 98
74 104
74 106
74 113
74 115
74 117
75 76
75 82
75 84
75 85
75 86
75 88
75 89
75 90
75 93
75 98
75 101
75 105
75 111
75 113
75 115
75 124
76 79
76 81
76 84
76 85
76 86
76 88
76 89
76 90
76 91
76 93
76 94
76 101
76 113
76 115
76 123
76 124
77 80
77 81
77 83
77 86
77 90
77 100
77 112
77 113
77 115
77 117
77 149
78 113
79 80
79 83
79 84
79 85
79 86
79 87
79 88
79 89
79 90
79 92
79 94
79 95
79 98
79 104
79 112
79 113
79 115
79 123
79 151
80 84
80 85
80 86
80 89
80 90
80 91
80 94
80 95
80 100
80 104
80 112
80 113
80 115
80 117
80 143
80 151
80 157
81 84
81 85
81 86
81 88
81 90
81 93
81 101
81 113
81 115
81 117
81 159
82 84
82 86
82 89
82 93
82 98
82 101
82 108
82 109
82 110
82 111
82 113
82 115
82 130
82 151
83 86
83 87
83 90
83 94
83 96
83 100
83 103
83 112
83 113
83 115
83 117
83 149
84 85
84 86
84 88
84 89
84 90
84 93
84 94
84 95
84 99
84 100
84 101
84 107
84 108
84 113
84 115
84 123
84 148
84 149
84 151
84 156
84 160
85 86
85 90
85 94
85 99
85 107
85 113
85 115
86 88
86 89
86 90
86 93
86 94
86 101
86 102
86 113
86 115
86 117
86 123
86 124
86 142
86 149
87 90
87 94
87 95
87 98
87 104
87 112
87 113
87 115
87 151
88 89
88 90
88 93
88 94
88 96
88 101
88 105
88 113
88 115
88 130
89 93
89 94
89 95
89 98
89 113
89 115
89 130
90 93
90 94
90 95
90 98
90 104
90 105
90 112
90 113
90 115
90 117
90 138
90 151
91 113
92 94
92 95
92 116
93 94
93 95
93 98
93 99
93 101
93 102
93 109
93 110
93 111
93 112
93 113
93 115
93 124
93 151
94 95
94 98
94 100
94 104
94 106
94 107
94 109
94 112
94 113
94 115
94 118
94 123
94 133
94 151
95 98
95 104
95 112
95 113
95 115
95 117
95 123
96 113
96 115
96 121
97 137
98 100
98 104
98 109
98 112
98 113
98 115
98 123
98 130
98 133
98 151
99 101
99 107
99 108
99 111
99 113
99 115
100 113
100 115
100 149
101 102
101 109
101 113
101 122
101 124
101 130
102 113
102 159
103 105
103 113
103 114
103 115
104 109
104 112
104 113
104 115
104 117
104 123
104 141
104 151
105 113
105 115
105 151
106 113
106 117
106 121
106 124
106 130
106 133
107 110
107 111
107 113
108 111
108 113
108 115
109 110
109 111
109 113
109 115
110 113
111 112
112 113
112 115
112 119
112 123
112 125
113 115
113 116
113 117
113 118
113 119
113 120
113 121
113 122
113 123
113 124
113 125
113 126
113 128
113 129
113 130
113 133
113 136
113 149
113 151
115 117
115 118
115 119
115 123
115 124
115 128
115 129
115 130
115 149
115 151
117 151
121 124
122 140
136 155
146 147
146 168
