1 2
1 3
1 4
1 51
1 59
2 6
2 51
2 52
2 56
2 59
3 51
3 53
4 51
4 54
5 10
5 55
6 7
6 8
6 9
6 10
6 56
6 57
6 58
6 59
6 60
6 64
7 11
7 56
7 57
7 59
7 61
7 64
8 10
8 56
8 58
9 10
9 56
9 59
9 60
10 56
10 58
10 59
10 60
11 12
11 13
11 14
11 15
11 57
11 59
11 61
11 62
11 63
11 64
11 65
12 36
12 61
12 62
12 86
13 15
13 61
13 63
14 15
14 61
14 64
14 65
15 61
15 63
15 64
15 65
16 18
16 19
16 20
16 66
16 67
16 68
16 69
16 70
16 82
17 67
17 69
17 74
18 20
18 68
18 70
19 20
19 68
19 69
19 70
20 66
20 68
20 69
20 70
21 23
21 24
21 25
21 67
21 71
21 72
21 73
21 74
21 75
22 72
22 74
22 79
23 25
23 73
23 75
24 25
24 73
24 74
24 75
25 71
25 73
25 74
25 75
26 28
26 29
26 30
26 72
26 76
26 77
26 78
26 79
26 80
27 77
27 79
27 84
28 30
28 78
28 80
29 30
29 78
29 79
29 80
30 76
30 78
30 79
30 80
31 33
31 34
31 35
31 77
31 81
31 82
31 83
31 84
31 85
32 69
32 82
32 84
33 35
33 83
33 85
34 35
34 83
34 84
34 85
35 81
35 83
35 84
35 85
36 37
36 38
36 39
36 40
36 62
36 86
36 87
36 88
36 89
36 90
36 94
37 41
37 86
37 87
37 89
37 91
37 94
38 40
38 86
38 88
39 40
39 86
39 89
39 90
40 86
40 88
40 89
40 90
41 42
41 43
41 44
41 45
41 87
41 91
41 93
41 94
41 95
42 46
42 91
42 92
42 94
42 96
43 45
43 91
43 93
44 45
44 91
44 94
44 95
45 50
45 91
45 93
45 94
45 95
46 47
46 48
46 49
46 94
46 96
47 96
47 97
48 96
48 98
49 96
49 99
50 100
51 52
51 53
51 54
51 55
51 56
51 57
51 58
51 59
51 60
51 109
52 53
52 54
52 55
52 56
52 57
52 58
52 59
52 109
53 55
53 56
53 58
54 55
54 56
54 57
54 59
54 60
54 61
55 56
55 58
55 59
55 60
56 57
56 58
56 59
56 60
56 61
56 62
56 63
56 64
56 65
56 106
56 107
56 108
56 109
56 110
57 58
57 59
57 61
57 62
57 63
57 64
57 86
57 106
57 107
57 109
57 111
58 59
58 60
58 61
58 63
58 65
58 106
58 108
58 109
58 110
59 60
59 61
59 64
59 65
59 101
59 102
59 106
59 107
59 108
59 109
59 110
59 111
60 61
60 63
60 64
60 65
60 106
60 108
60 109
60 110
61 62
61 63
61 64
61 65
61 86
61 87
61 88
61 89
61 90
61 107
61 109
61 111
61 112
61 113
61 114
61 115
62 63
62 64
62 86
62 87
62 88
62 89
62 91
62 111
62 112
62 116
62 136
63 64
63 65
63 86
63 88
63 90
63 111
63 113
63 114
63 115
64 65
64 86
64 89
64 90
64 111
64 113
64 114
64 115
65 86
65 88
65 89
65 90
65 111
65 113
65 114
65 115
66 67
66 68
66 69
66 70
66 72
66 73
66 74
66 75
66 77
66 81
66 82
66 83
66 84
66 85
66 116
66 117
66 118
66 119
66 120
66 124
66 132
67 68
67 69
67 71
67 72
67 73
67 74
67 76
67 81
67 82
67 116
67 117
67 121
67 124
68 69
68 70
68 71
68 73
68 75
68 81
68 82
68 83
68 85
68 116
68 118
68 119
68 120
69 70
69 71
69 74
69 75
69 81
69 82
69 84
69 85
69 116
69 118
69 119
69 120
70 71
70 73
70 74
70 75
70 81
70 83
70 84
70 85
70 116
70 118
70 119
70 120
71 72
71 73
71 74
71 75
71 77
71 78
71 79
71 80
71 82
71 117
71 121
71 122
71 123
71 124
71 125
71 129
72 73
72 74
72 76
72 77
72 78
72 79
72 81
72 121
72 122
72 124
72 126
72 129
73 74
73 75
73 76
73 78
73 80
73 121
73 123
73 124
73 125
74 75
74 76
74 79
74 80
74 116
74 117
74 121
74 122
74 123
74 124
74 125
74 126
75 76
75 78
75 79
75 80
75 121
75 123
75 124
75 125
76 77
76 78
76 79
76 80
76 82
76 83
76 84
76 85
76 122
76 124
76 126
76 127
76 128
76 129
76 130
77 78
77 79
77 81
77 82
77 83
77 84
77 126
77 127
77 129
77 131
78 79
78 80
78 81
78 83
78 85
78 126
78 128
78 129
78 130
79 80
79 81
79 84
79 85
79 121
79 122
79 126
79 127
79 128
79 129
79 130
79 131
80 81
80 83
80 84
80 85
80 126
80 128
80 129
80 130
81 82
81 83
81 84
81 85
81 127
81 129
81 131
81 132
81 133
81 134
81 135
82 83
82 84
82 116
82 131
82 132
82 136
83 84
83 85
83 131
83 133
83 134
83 135
84 85
84 131
84 133
84 134
84 135
85 131
85 133
85 134
85 135
86 87
86 88
86 89
86 90
86 91
86 93
86 94
86 95
86 99
86 112
86 136
86 137
86 138
86 139
86 140
86 144
87 88
87 89
87 91
87 92
87 93
87 94
87 96
87 99
87 136
87 137
87 141
87 144
88 89
88 90
88 91
88 93
88 95
88 136
88 138
88 139
88 140
89 90
89 91
89 94
89 95
89 136
89 138
89 139
89 140
90 91
90 93
90 94
90 95
90 136
90 138
90 139
90 140
91 92
91 93
91 94
91 95
91 96
91 98
91 99
91 100
91 137
91 141
91 143
91 144
91 145
92 93
92 94
92 96
92 97
92 98
92 99
92 100
92 144
93 94
93 95
93 96
93 98
93 100
93 141
93 143
93 144
93 145
94 95
94 96
94 99
94 100
94 136
94 137
94 141
94 142
94 143
94 144
94 145
94 146
95 96
95 98
95 99
95 100
95 141
95 143
95 144
95 145
96 97
96 98
96 99
96 100
96 144
97 98
97 99
98 100
99 100
101 102
101 103
101 104
101 105
101 106
101 107
101 108
101 109
101 110
101 159
102 103
102 104
102 105
102 106
102 107
102 108
102 109
102 159
103 105
103 106
103 108
103 110
104 105
104 106
104 107
104 109
104 110
104 111
105 106
105 108
105 109
105 110
106 107
106 108
106 109
106 110
106 111
106 112
106 113
106 114
106 115
106 156
106 157
106 158
106 159
106 160
106 164
107 108
107 109
107 111
107 112
107 113
107 114
107 116
107 156
107 157
107 159
107 161
107 164
108 109
108 110
108 111
108 113
108 115
108 156
108 158
108 159
108 160
109 110
109 111
109 114
109 115
109 151
109 152
109 156
109 157
109 158
109 159
109 160
109 161
110 111
110 113
110 114
110 115
110 156
110 158
110 159
110 160
111 112
111 113
111 114
111 115
111 116
111 117
111 118
111 119
111 120
111 157
111 159
111 161
111 162
111 163
111 164
111 165
111 169
112 113
112 114
112 116
112 117
112 118
112 119
112 121
112 136
112 161
112 162
112 164
112 166
112 169
113 114
113 115
113 116
113 118
113 120
113 161
113 163
113 164
113 165
114 115
114 116
114 119
114 120
114 156
114 157
114 161
114 162
114 163
114 164
114 165
114 166
115 116
115 118
115 119
115 120
115 161
115 163
115 164
115 165
116 117
116 118
116 119
116 120
116 121
116 122
116 123
116 124
116 125
116 132
116 162
116 164
116 166
116 167
116 168
116 169
116 170
116 174
117 118
117 119
117 121
117 122
117 123
117 124
117 126
117 166
117 167
117 169
117 171
117 174
118 119
118 120
118 121
118 123
118 125
118 166
118 168
118 169
118 170
119 120
119 121
119 124
119 125
119 161
119 162
119 166
119 167
119 168
119 169
119 170
119 171
120 121
120 123
120 124
120 125
120 166
120 168
120 169
120 170
121 122
121 123
121 124
121 125
121 126
121 127
121 128
121 129
121 130
121 167
121 169
121 171
121 172
121 173
121 174
121 175
121 179
122 123
122 124
122 126
122 127
122 128
122 129
122 131
122 171
122 172
122 174
122 176
122 179
123 124
123 125
123 126
123 128
123 130
123 171
123 173
123 174
123 175
124 125
124 126
124 129
124 130
124 166
124 167
124 171
124 172
124 173
124 174
124 175
124 176
125 126
125 128
125 129
125 130
125 171
125 173
125 174
125 175
126 127
126 128
126 129
126 130
126 131
126 132
126 133
126 134
126 135
126 172
126 174
126 176
126 177
126 178
126 179
126 180
126 184
127 128
127 129
127 131
127 132
127 133
127 134
127 136
127 176
127 177
127 179
127 181
127 184
128 129
128 130
128 131
128 133
128 135
128 176
128 178
128 179
128 180
129 130
129 131
129 134
129 135
129 171
129 172
129 176
129 177
129 178
129 179
129 180
129 181
130 131
130 133
130 134
130 135
130 176
130 178
130 179
130 180
131 132
131 133
131 134
131 135
131 136
131 137
131 138
131 139
131 140
131 177
131 179
131 181
131 182
131 183
131 184
131 185
131 189
132 133
132 134
132 136
132 137
132 138
132 139
132 141
132 181
132 182
132 184
132 186
132 189
133 134
133 135
133 136
133 138
133 140
133 181
133 183
133 184
133 185
134 135
134 136
134 139
134 140
134 176
134 177
134 181
134 182
134 183
134 184
134 185
134 186
135 136
135 138
135 139
135 140
135 181
135 183
135 184
135 185
136 137
136 138
136 139
136 140
136 141
136 143
136 144
136 145
136 149
136 182
136 184
136 186
136 187
136 188
136 189
136 190
136 194
137 138
137 139
137 141
137 142
137 143
137 144
137 146
137 149
137 186
137 187
137 189
137 191
137 194
138 139
138 140
138 141
138 143
138 145
138 186
138 188
138 189
138 190
139 140
139 141
139 144
139 145
139 181
139 182
139 186
139 187
139 188
139 189
139 190
139 191
140 141
140 143
140 144
140 145
140 186
140 188
140 189
140 190
141 142
141 143
141 144
141 145
141 146
141 148
141 149
141 150
141 187
141 189
141 191
141 193
141 194
141 195
142 143
142 144
142 146
142 147
142 148
142 149
142 150
142 194
143 144
143 145
143 146
143 148
143 150
143 191
143 193
143 194
143 195
144 145
144 146
144 149
144 150
144 186
144 187
144 191
144 192
144 193
144 194
144 195
144 196
145 146
145 148
145 149
145 150
145 191
145 193
145 194
145 195
146 147
146 148
146 149
146 150
146 194
147 148
147 149
148 150
149 150
151 152
151 153
151 154
151 155
151 156
151 157
151 158
151 159
151 160
151 209
152 153
152 154
152 155
152 156
152 157
152 158
152 159
152 209
153 155
153 156
153 158
153 160
154 155
154 156
154 157
154 159
154 160
154 161
155 156
155 158
155 159
155 160
156 157
156 158
156 159
156 160
156 162
156 163
156 164
156 165
156 206
156 207
156 208
156 209
156 210
156 214
157 158
157 159
157 161
157 162
157 163
157 164
157 166
157 206
157 207
157 209
157 211
157 214
158 159
158 160
158 161
158 163
158 165
158 206
158 208
158 209
158 210
159 160
159 161
159 164
159 165
159 201
159 202
159 206
159 207
159 208
159 209
159 210
159 211
160 161
160 163
160 164
160 165
160 206
160 208
160 209
160 210
161 162
161 163
161 164
161 165
161 166
161 167
161 168
161 169
161 170
161 207
161 209
161 211
161 212
161 213
161 214
161 215
161 219
162 163
162 164
162 166
162 167
162 168
162 169
162 171
162 211
162 212
162 214
162 216
162 219
163 164
163 165
163 166
163 168
163 170
163 211
163 213
163 214
163 215
164 165
164 166
164 169
164 170
164 206
164 207
164 211
164 212
164 213
164 214
164 215
164 216
165 166
165 168
165 169
165 170
165 211
165 213
165 214
165 215
166 167
166 168
166 169
166 170
166 171
166 172
166 173
166 174
166 175
166 212
166 214
166 216
166 217
166 218
166 219
166 220
166 224
167 168
167 169
167 171
167 172
167 173
167 174
167 176
167 216
167 217
167 219
167 221
167 224
168 169
168 170
168 171
168 173
168 175
168 216
168 218
168 219
168 220
169 170
169 171
169 174
169 175
169 211
169 212
169 216
169 217
169 218
169 219
169 220
169 221
170 171
170 173
170 174
170 175
170 216
170 218
170 219
170 220
171 172
171 173
171 174
171 175
171 176
171 177
171 178
171 179
171 180
171 217
171 219
171 221
171 222
171 223
171 224
171 225
171 229
172 173
172 174
172 176
172 177
172 178
172 179
172 181
172 221
172 222
172 224
172 226
172 229
173 174
173 175
173 176
173 178
173 180
173 221
173 223
173 224
173 225
174 175
174 176
174 179
174 180
174 216
174 217
174 221
174 222
174 223
174 224
174 225
174 226
175 176
175 178
175 179
175 180
175 221
175 223
175 224
175 225
176 177
176 178
176 179
176 180
176 181
176 182
176 183
176 184
176 185
176 222
176 224
176 226
176 227
176 228
176 229
176 230
176 234
177 178
177 179
177 181
177 182
177 183
177 184
177 186
177 226
177 227
177 229
177 231
177 234
178 179
178 180
178 181
178 183
178 185
178 226
178 228
178 229
178 230
179 180
179 181
179 184
179 185
179 221
179 222
179 226
179 227
179 228
179 229
179 230
179 231
180 181
180 183
180 184
180 185
180 226
180 228
180 229
180 230
181 182
181 183
181 184
181 185
181 186
181 187
181 188
181 189
181 190
181 227
181 229
181 231
181 232
181 233
181 234
181 235
181 239
182 183
182 184
182 186
182 187
182 188
182 189
182 191
182 231
182 232
182 234
182 236
182 239
183 184
183 185
183 186
183 188
183 190
183 231
183 233
183 234
183 235
184 185
184 186
184 189
184 190
184 226
184 227
184 231
184 232
184 233
184 234
184 235
184 236
185 186
185 188
185 189
185 190
185 231
185 233
185 234
185 235
186 187
186 188
186 189
186 190
186 191
186 193
186 194
186 195
186 199
186 232
186 234
186 236
186 237
186 238
186 239
186 240
186 244
187 188
187 189
187 191
187 192
187 193
187 194
187 196
187 199
187 236
187 237
187 239
187 241
187 244
188 189
188 190
188 191
188 193
188 195
188 236
188 238
188 239
188 240
189 190
189 191
189 194
189 195
189 231
189 232
189 236
189 237
189 238
189 239
189 240
189 241
190 191
190 193
190 194
190 195
190 236
190 238
190 239
190 240
191 192
191 193
191 194
191 195
191 196
191 198
191 199
191 200
191 237
191 239
191 241
191 243
191 244
191 245
192 193
192 194
192 196
192 197
192 198
192 199
192 200
192 244
193 194
193 195
193 196
193 198
193 200
193 241
193 243
193 244
193 245
194 195
194 196
194 199
194 200
194 236
194 237
194 241
194 242
194 243
194 244
194 245
194 246
195 196
195 198
195 199
195 200
195 241
195 243
195 244
195 245
196 197
196 198
196 199
196 200
196 244
197 198
197 199
198 200
199 200
201 202
201 203
201 204
201 205
201 206
201 207
201 208
201 209
201 210
201 251
201 252
202 203
202 204
202 205
202 206
202 207
202 208
202 209
202 252
203 205
203 206
203 208
203 210
204 205
204 206
204 207
204 209
204 210
204 211
205 206
205 208
205 209
205 210
205 255
206 207
206 208
206 209
206 210
206 211
206 212
206 213
206 214
206 215
206 252
206 256
206 257
206 260
207 208
207 209
207 211
207 212
207 213
207 214
207 216
207 256
207 257
207 261
208 209
208 210
208 211
208 213
208 215
208 256
208 258
208 260
209 210
209 211
209 214
209 215
209 251
209 252
209 256
209 257
209 259
209 260
209 261
210 211
210 213
210 214
210 215
210 256
210 258
210 259
210 260
211 212
211 213
211 214
211 215
211 216
211 217
211 218
211 219
211 220
211 257
211 261
211 262
211 265
212 213
212 214
212 216
212 217
212 218
212 219
212 221
212 261
212 262
212 266
213 214
213 215
213 216
213 218
213 220
213 261
213 263
213 265
214 215
214 216
214 219
214 220
214 256
214 257
214 261
214 262
214 264
214 265
214 266
215 216
215 218
215 219
215 220
215 261
215 263
215 264
215 265
216 217
216 218
216 219
216 220
216 221
216 222
216 223
216 224
216 225
216 262
216 266
216 267
216 270
217 218
217 219
217 221
217 222
217 223
217 224
217 226
217 266
217 267
217 271
218 219
218 220
218 221
218 223
218 225
218 266
218 268
218 270
219 220
219 221
219 224
219 225
219 261
219 262
219 266
219 267
219 269
219 270
219 271
220 221
220 223
220 224
220 225
220 266
220 268
220 269
220 270
221 222
221 223
221 224
221 225
221 226
221 227
221 228
221 229
221 230
221 267
221 271
221 272
221 275
222 223
222 224
222 226
222 227
222 228
222 229
222 231
222 271
222 272
222 276
223 224
223 225
223 226
223 228
223 230
223 271
223 273
223 275
224 225
224 226
224 229
224 230
224 266
224 267
224 271
224 272
224 274
224 275
224 276
225 226
225 228
225 229
225 230
225 271
225 273
225 274
225 275
226 227
226 228
226 229
226 230
226 231
226 232
226 233
226 234
226 235
226 272
226 276
226 277
226 280
227 228
227 229
227 231
227 232
227 233
227 234
227 236
227 276
227 277
227 281
228 229
228 230
228 231
228 233
228 235
228 276
228 278
228 280
229 230
229 231
229 234
229 235
229 271
229 272
229 276
229 277
229 279
229 280
229 281
230 231
230 233
230 234
230 235
230 276
230 278
230 279
230 280
231 232
231 233
231 234
231 235
231 236
231 237
231 238
231 239
231 240
231 277
231 281
231 282
231 285
232 233
232 234
232 236
232 237
232 238
232 239
232 241
232 281
232 282
232 286
233 234
233 235
233 236
233 238
233 240
233 281
233 283
233 285
234 235
234 236
234 239
234 240
234 276
234 277
234 281
234 282
234 284
234 285
234 286
235 236
235 238
235 239
235 240
235 281
235 284
235 285
236 237
236 238
236 239
236 240
236 241
236 243
236 244
236 245
236 249
236 282
236 286
236 287
236 290
237 238
237 239
237 241
237 242
237 243
237 244
237 246
237 249
237 286
237 287
237 291
238 239
238 240
238 241
238 243
238 245
238 286
238 288
238 290
239 240
239 241
239 244
239 245
239 281
239 282
239 286
239 287
239 289
239 290
239 291
240 241
240 243
240 244
240 245
240 286
240 288
240 289
240 290
241 242
241 243
241 244
241 245
241 246
241 248
241 249
241 250
241 287
241 291
241 292
241 295
242 243
242 244
242 246
242 247
242 248
242 249
242 250
242 292
243 244
243 245
243 246
243 248
243 250
243 291
243 293
243 295
244 245
244 246
244 249
244 250
244 286
244 287
244 291
244 292
244 294
244 295
244 296
245 246
245 248
245 249
245 250
245 291
245 294
245 295
246 247
246 248
246 249
246 250
246 292
246 296
246 297
247 248
247 249
247 297
248 250
249 250
250 300
251 252
251 253
251 254
252 256
255 260
256 257
256 258
256 259
256 260
257 261
258 260
259 260
261 262
261 263
261 264
261 265
262 266
263 265
264 265
266 267
266 268
266 269
266 270
267 271
268 270
269 270
271 272
271 273
271 274
271 275
272 276
273 275
274 275
276 277
276 278
276 279
276 280
277 281
278 280
279 280
281 282
281 283
281 284
281 285
282 286
284 285
286 287
286 288
286 289
286 290
287 291
288 290
289 290
291 292
291 293
291 294
291 295
292 296
294 295
295 300
296 297
296 298
296 299
