1 2
1 3
2 772
2 796
2 798
2 799
2 902
2 935
2 1325
3 389
3 730
3 731
3 745
3 799
4 5
4 6
4 7
4 170
4 455
4 988
4 1210
4 1244
5 125
5 809
5 1320
6 16
6 45
6 68
6 98
6 125
6 160
6 196
6 307
6 553
6 608
6 614
6 670
6 713
6 746
6 817
6 855
6 856
6 857
6 858
6 859
6 860
6 905
6 975
6 1032
6 1066
6 1067
6 1068
6 1069
6 1326
6 1327
6 1328
6 1329
6 1330
6 1331
6 1332
6 1333
6 1334
6 1335
7 45
7 199
7 234
7 252
7 360
7 629
7 757
7 984
7 988
7 1121
7 1228
7 1304
7 1336
8 9
8 690
8 1337
9 44
9 52
9 104
9 144
9 148
9 221
9 222
9 265
9 438
9 692
9 743
9 744
9 745
9 894
10 11
10 12
10 504
11 119
11 495
11 1037
11 1111
11 1112
11 1338
12 423
12 1339
13 303
13 527
13 781
13 783
13 918
13 1185
14 423
15 162
15 315
15 929
15 960
15 1064
15 1214
16 423
16 863
17 734
17 1340
17 1341
18 19
18 20
18 21
18 799
19 131
19 199
19 475
19 652
19 697
19 851
19 888
21 269
21 339
21 352
21 370
21 402
21 475
21 522
21 543
21 564
21 624
21 640
21 652
21 670
21 851
21 930
21 947
21 950
21 993
22 23
22 24
22 25
22 1342
22 1343
22 1344
23 1123
24 1017
24 1308
24 1343
25 1289
25 1311
25 1343
26 27
26 1345
27 159
27 290
27 315
27 437
27 455
27 506
27 554
27 750
27 764
27 769
27 934
27 936
27 940
27 941
27 944
27 949
27 1132
27 1191
27 1277
27 1315
27 1322
27 1346
27 1347
27 1348
27 1349
28 29
28 30
28 31
28 1350
28 1351
28 1352
29 101
29 104
29 111
29 139
29 141
29 200
29 245
29 359
29 376
29 757
29 1055
29 1105
29 1161
29 1208
29 1352
29 1353
29 1354
29 1355
29 1356
30 48
30 96
30 148
30 218
30 405
30 447
30 662
30 716
30 809
30 813
30 946
30 959
31 104
31 203
31 334
31 336
31 447
31 455
31 473
31 772
31 791
31 809
31 822
31 985
31 991
31 1143
31 1291
31 1325
32 33
32 1357
32 1358
33 1148
34 35
34 36
34 37
34 1359
35 37
35 755
36 49
36 185
36 243
36 246
36 248
36 264
36 265
36 268
36 275
36 373
36 447
36 760
36 764
36 871
36 879
36 1136
36 1181
37 38
38 149
38 533
38 564
38 757
38 877
38 993
38 1360
39 423
40 41
40 42
40 43
40 44
40 45
40 47
41 42
41 43
41 44
41 45
41 47
41 65
41 1009
42 43
42 44
42 45
42 47
42 170
42 872
43 44
43 45
43 47
44 45
44 46
44 47
45 47
45 58
45 63
45 170
45 188
45 194
45 333
45 424
45 468
45 471
45 701
45 771
45 817
45 923
45 989
45 1030
45 1031
45 1032
45 1033
45 1034
45 1035
45 1036
45 1088
45 1185
45 1206
45 1217
45 1242
45 1291
45 1295
45 1308
45 1336
45 1361
45 1362
45 1363
46 55
46 199
46 234
46 251
46 447
46 713
46 749
46 761
46 763
46 772
46 918
46 925
46 992
46 1114
46 1185
46 1214
46 1222
46 1233
46 1261
47 97
47 141
47 144
47 1364
47 1365
47 1366
48 49
48 50
48 51
48 52
48 53
49 52
49 69
49 142
49 178
49 265
49 267
49 268
49 292
49 328
49 344
49 351
49 353
49 355
49 356
49 358
49 359
49 362
49 364
49 366
49 373
49 374
49 376
49 389
49 422
49 501
49 502
49 503
49 504
49 505
49 507
49 512
49 514
49 598
49 756
49 759
49 764
49 826
49 845
49 1181
49 1223
49 1279
49 1282
49 1311
49 1367
49 1368
49 1369
49 1370
49 1371
50 52
50 878
50 1233
51 321
51 652
51 653
51 654
51 782
51 1372
52 95
52 96
52 139
52 140
52 146
52 237
52 333
52 335
52 352
52 507
52 769
52 831
52 887
52 980
52 1055
52 1373
53 323
53 715
54 455
54 1050
54 1344
54 1374
55 56
55 57
55 58
55 59
55 60
55 61
55 62
55 63
55 382
55 517
55 643
55 772
55 988
55 1185
55 1281
55 1308
56 87
56 157
56 170
56 265
56 286
56 435
56 550
56 557
56 635
56 664
56 668
56 737
56 782
56 962
56 971
56 1031
56 1054
56 1210
56 1375
57 455
57 471
57 543
57 714
57 769
57 872
57 1200
57 1287
57 1376
58 119
58 209
58 342
58 455
58 518
58 543
58 767
58 772
58 810
58 846
58 934
58 970
58 1070
58 1143
58 1152
58 1185
58 1377
59 339
59 586
59 631
59 652
59 732
59 772
59 993
60 466
60 467
60 468
60 469
60 471
60 554
60 585
60 766
60 767
60 818
60 821
60 823
60 1295
60 1375
61 276
61 550
61 772
61 863
61 887
61 989
61 1064
61 1214
61 1311
62 466
62 467
62 469
62 699
62 766
62 767
62 769
62 818
62 821
62 823
62 935
62 985
63 550
64 455
64 1378
65 99
65 104
65 110
65 112
65 113
65 988
66 67
66 68
66 69
66 70
66 1379
67 99
67 116
67 125
67 436
67 450
67 653
67 747
67 750
67 1205
67 1269
67 1315
68 182
68 318
68 668
68 763
68 949
68 955
68 1179
68 1214
68 1244
68 1261
68 1286
68 1322
69 123
69 132
69 271
69 347
69 485
69 550
69 751
69 997
69 1007
69 1110
69 1134
69 1311
69 1380
69 1381
69 1382
69 1383
70 644
70 1233
71 647
72 73
73 423
73 997
74 447
74 1384
75 76
75 77
76 77
76 91
77 164
77 854
78 79
78 80
78 81
78 82
78 83
78 84
78 85
78 86
78 87
78 88
79 87
79 379
79 382
79 402
79 518
79 543
79 832
79 841
79 878
79 952
80 87
80 1385
81 87
82 87
83 87
84 87
85 87
86 87
87 88
87 1386
88 1385
89 90
89 91
89 92
89 93
89 518
89 1387
89 1388
89 1389
90 91
91 193
91 494
91 518
91 871
91 1020
91 1035
91 1389
91 1390
91 1391
91 1392
91 1393
91 1394
91 1395
91 1396
92 582
92 1000
92 1031
92 1397
93 359
94 970
95 96
95 97
95 98
95 608
95 1280
96 97
96 146
96 300
96 827
96 831
96 1373
97 162
97 300
97 397
97 423
97 744
97 957
97 1240
97 1373
97 1398
98 240
98 373
98 598
98 601
98 731
98 886
98 972
98 1293
98 1399
99 100
99 101
99 102
99 103
99 104
99 105
99 106
99 107
99 108
99 109
99 110
99 111
99 112
99 113
99 114
99 115
99 116
99 145
99 178
99 209
99 237
99 286
99 442
99 447
99 473
99 509
99 527
99 593
99 596
99 641
99 687
99 698
99 738
99 757
99 830
99 1007
99 1010
99 1017
99 1056
99 1065
99 1080
99 1103
99 1183
99 1184
99 1400
99 1401
99 1402
99 1403
99 1404
99 1405
99 1406
99 1407
100 104
100 109
100 110
100 112
100 113
100 141
100 221
100 542
100 671
100 888
101 104
101 109
101 110
101 112
101 113
101 141
101 221
101 268
101 373
101 542
101 745
101 813
101 888
101 1223
101 1408
102 103
102 104
102 107
102 109
102 110
102 112
102 113
102 473
102 598
102 621
102 822
102 1032
102 1041
103 104
103 107
103 109
103 112
103 447
103 1079
103 1409
104 105
104 109
104 110
104 112
104 113
104 115
104 116
104 142
104 143
104 144
104 145
104 150
104 211
104 212
104 213
104 214
104 215
104 216
104 217
104 218
104 219
104 220
104 221
104 222
104 268
104 373
104 407
104 436
104 888
104 1150
104 1240
104 1247
104 1262
104 1264
104 1307
104 1410
104 1411
104 1412
105 110
105 221
105 373
105 492
106 107
106 109
106 112
106 141
106 389
106 447
106 471
106 1222
106 1263
107 110
107 112
108 109
108 110
108 112
108 113
108 218
108 382
108 498
108 509
108 510
108 652
108 813
108 1408
109 110
109 111
109 112
109 113
109 114
109 116
109 141
109 143
109 147
109 178
109 211
109 213
109 215
109 217
109 221
109 375
109 376
109 671
109 985
109 986
109 1264
110 112
110 113
110 114
110 143
110 221
110 373
110 374
110 436
111 113
111 141
111 213
111 221
111 257
111 268
111 359
111 361
111 373
111 374
111 407
111 436
111 444
111 542
111 671
111 888
111 889
111 1025
111 1065
111 1223
111 1224
111 1240
111 1264
111 1412
112 113
112 114
112 116
112 218
112 477
113 114
113 116
113 143
113 145
113 213
113 215
113 217
113 219
113 221
113 373
113 374
113 375
113 376
113 385
113 386
113 407
113 671
113 672
113 673
113 760
113 888
113 889
113 985
113 986
113 1181
113 1223
113 1257
113 1264
113 1279
113 1311
113 1413
113 1414
113 1415
113 1416
114 116
114 141
114 221
114 268
114 357
114 373
114 407
114 600
114 608
114 628
114 813
114 1070
114 1311
115 146
115 174
115 343
115 405
115 753
115 760
115 886
116 123
116 141
116 142
116 143
116 213
116 215
116 221
116 257
116 265
116 267
116 268
116 373
116 386
116 407
116 671
116 738
116 745
116 813
116 888
116 986
116 1025
116 1065
116 1223
116 1264
116 1408
116 1411
116 1417
117 118
117 1401
117 1418
117 1419
118 1419
119 120
119 485
119 1007
119 1017
120 455
120 735
120 744
121 364
121 389
121 608
121 744
121 763
121 948
121 1123
121 1185
121 1218
121 1248
121 1261
121 1346
121 1378
121 1398
122 123
122 124
122 125
122 126
122 127
122 128
122 129
122 130
122 131
122 132
122 133
122 134
122 135
122 136
122 137
122 649
123 125
123 129
123 130
123 131
123 132
123 138
123 143
123 185
123 198
123 206
123 259
123 290
123 291
123 292
123 294
123 297
123 298
123 299
123 328
123 342
123 345
123 369
123 372
123 395
123 407
123 558
123 564
123 781
123 783
123 826
123 852
123 892
123 893
123 904
123 1142
123 1181
123 1188
123 1189
123 1229
123 1238
123 1269
123 1291
123 1420
123 1421
123 1422
123 1423
123 1424
123 1425
123 1426
123 1427
123 1428
123 1429
123 1430
123 1431
124 131
124 307
124 407
124 705
124 753
124 754
124 892
124 1279
124 1432
124 1433
125 126
125 129
125 130
125 131
125 136
125 143
125 146
125 282
125 283
125 351
125 537
125 539
125 540
125 541
125 649
125 714
125 742
125 855
125 857
125 869
125 917
125 1014
125 1029
125 1243
126 128
126 129
126 130
126 131
126 134
126 136
126 146
126 174
126 224
126 232
126 313
126 317
126 537
126 538
126 539
126 540
126 541
126 711
126 869
127 753
127 895
127 959
128 129
128 131
128 223
128 420
128 530
128 539
128 869
128 1434
129 131
129 132
129 133
129 134
129 135
129 136
129 137
129 146
129 174
129 187
129 311
129 313
129 443
129 538
129 539
129 540
129 541
129 649
129 668
129 738
129 753
129 831
129 868
129 869
129 891
129 892
129 893
129 959
129 984
129 1435
129 1436
129 1437
129 1438
129 1439
130 131
130 539
130 649
130 868
130 869
131 136
131 137
131 232
131 313
131 315
131 317
131 537
131 539
131 540
131 541
131 649
132 198
132 206
132 269
132 290
132 333
132 342
132 399
132 407
132 1112
132 1229
132 1313
132 1420
133 187
133 753
133 895
134 223
134 224
134 230
134 235
134 311
134 464
134 538
134 739
134 742
134 835
134 869
134 1434
135 648
135 753
135 895
136 538
136 539
136 649
136 711
136 869
137 138
137 172
137 174
137 258
137 405
137 413
137 634
137 753
137 754
137 959
137 1279
137 1282
138 139
138 140
138 141
138 142
138 143
138 144
138 145
138 146
138 147
138 148
138 351
138 405
138 407
138 441
138 504
138 666
138 713
138 959
138 1042
138 1257
138 1440
138 1441
139 140
139 142
139 178
139 344
139 351
139 353
139 355
139 356
139 358
139 359
139 360
139 361
139 362
139 364
139 366
139 407
139 422
139 500
139 502
139 503
139 504
139 505
139 507
139 511
139 512
139 513
139 514
139 1442
140 141
140 246
140 268
140 362
140 373
140 441
140 504
140 630
140 764
141 143
141 145
141 147
141 178
141 213
141 217
141 221
141 268
141 359
141 373
141 374
141 376
141 405
141 406
141 442
141 502
141 542
141 671
141 673
141 738
141 888
141 1065
141 1279
141 1443
142 148
142 237
142 240
142 351
142 362
142 373
142 441
142 504
142 666
142 671
142 764
142 782
142 1136
142 1181
142 1223
142 1416
142 1444
143 211
143 221
143 268
143 373
143 382
143 407
143 441
143 542
143 666
143 671
143 888
143 1143
143 1214
143 1279
144 148
144 222
144 240
144 265
144 438
144 652
144 744
144 745
144 894
144 930
144 1070
144 1399
145 148
145 268
145 373
145 405
145 407
145 473
145 542
145 782
145 888
145 1065
145 1181
145 1223
145 1257
146 172
146 174
146 175
146 177
146 208
146 268
146 315
146 362
146 407
146 408
146 413
146 443
146 598
146 599
146 634
146 753
146 754
146 914
146 959
146 1065
146 1181
146 1279
146 1282
146 1424
147 342
147 351
147 357
147 362
147 405
147 407
147 671
147 972
147 1223
147 1240
147 1257
147 1279
148 208
148 240
148 498
148 745
148 754
148 813
148 988
148 1279
148 1282
148 1445
150 151
150 152
150 153
150 154
150 769
151 769
152 310
152 387
152 574
152 579
152 582
152 629
152 652
152 880
152 881
152 882
152 883
152 884
152 902
152 1299
152 1446
152 1447
152 1448
152 1449
153 1085
154 769
155 156
155 157
155 158
155 159
155 160
155 161
155 179
155 322
155 833
155 848
155 1031
155 1071
155 1094
155 1235
156 157
156 159
157 158
157 159
157 181
157 182
157 183
157 674
157 848
157 1085
157 1222
158 159
159 716
159 717
159 1280
159 1450
159 1451
160 182
160 199
160 221
160 234
160 252
160 360
160 362
160 757
160 905
160 1121
160 1179
160 1180
160 1213
160 1304
160 1336
160 1452
161 339
161 359
161 425
161 431
161 475
161 492
161 542
161 550
161 648
161 652
161 653
161 769
161 864
161 1080
161 1222
161 1313
161 1453
161 1454
162 163
162 221
162 257
162 790
162 791
162 871
162 876
162 919
162 1032
162 1053
162 1202
162 1455
162 1456
162 1457
162 1458
162 1459
162 1460
163 680
163 854
163 906
163 966
163 978
164 270
164 664
164 781
164 784
165 166
165 167
165 168
165 250
165 1043
165 1073
165 1136
165 1161
165 1252
165 1461
165 1462
165 1463
166 167
166 168
166 1016
166 1017
166 1240
166 1252
166 1436
166 1464
166 1465
166 1466
166 1467
166 1468
166 1469
166 1470
167 998
167 1032
168 1082
169 170
169 171
169 172
169 173
169 982
169 1146
169 1471
169 1472
170 173
170 496
170 635
170 817
170 1091
170 1132
170 1204
170 1327
170 1473
171 172
171 173
171 776
171 785
171 1008
171 1049
171 1148
171 1177
171 1225
171 1243
171 1474
171 1475
171 1476
172 173
172 246
172 250
172 931
172 1091
172 1161
172 1166
173 423
173 497
173 505
173 644
173 1113
174 175
174 176
174 177
174 178
174 318
174 407
174 413
174 436
174 530
174 569
174 634
174 675
174 760
174 857
174 871
174 922
174 959
174 1054
174 1066
174 1095
174 1110
174 1125
174 1191
174 1213
174 1214
174 1261
174 1279
174 1311
174 1315
174 1477
174 1478
175 907
176 485
176 628
176 783
176 809
176 993
177 268
177 301
177 306
177 405
177 473
177 753
177 1479
178 351
178 362
178 405
178 407
178 447
178 504
178 513
178 598
178 600
178 601
178 628
178 671
178 809
178 826
178 1454
179 1480
179 1481
180 307
181 668
181 911
181 988
182 183
182 209
182 272
182 277
182 278
182 279
182 280
182 281
182 282
182 315
182 432
182 455
182 458
182 471
182 534
182 600
182 690
182 692
182 704
182 727
182 736
182 750
182 815
182 833
182 860
182 918
182 1068
182 1073
182 1089
182 1090
182 1093
182 1094
182 1130
182 1187
182 1203
182 1204
182 1222
182 1293
182 1318
182 1320
182 1348
182 1422
182 1444
182 1478
182 1482
182 1483
182 1484
182 1485
182 1486
182 1487
182 1488
182 1489
182 1490
182 1491
182 1492
182 1493
182 1494
182 1495
182 1496
183 277
183 278
183 279
183 280
183 281
183 315
183 432
183 534
183 600
183 749
183 923
183 988
183 1032
183 1035
183 1070
183 1089
183 1269
183 1302
183 1399
183 1421
183 1497
183 1498
183 1499
184 185
184 186
184 187
185 187
185 267
185 268
185 270
185 345
185 346
185 369
185 488
185 489
185 647
185 806
185 807
185 849
185 850
185 950
185 1136
185 1380
185 1500
185 1501
185 1502
185 1503
185 1504
186 248
186 263
186 342
186 378
186 431
186 477
186 518
186 934
186 935
186 988
186 1054
186 1217
186 1242
187 244
187 265
187 268
187 345
187 346
187 369
187 478
187 806
187 807
187 849
187 1500
187 1501
187 1502
187 1505
188 1506
189 190
189 191
189 192
189 193
189 194
189 195
189 196
189 197
189 334
189 515
189 693
190 197
190 410
190 1173
191 275
191 398
191 586
191 596
191 598
192 334
192 640
192 1173
192 1507
193 257
193 835
193 870
193 871
193 919
194 394
195 1173
196 777
198 486
198 549
198 550
198 551
198 1065
198 1311
198 1508
198 1509
199 200
199 201
199 202
199 203
199 204
199 205
199 206
199 207
199 208
199 209
199 210
199 447
199 670
199 860
199 1073
199 1091
199 1122
199 1510
199 1511
200 1240
200 1300
201 248
201 447
201 601
201 753
201 919
201 931
202 656
203 204
203 205
203 206
203 207
203 378
203 718
203 719
203 720
203 721
203 722
203 723
203 724
203 725
203 726
203 727
203 728
203 774
203 801
203 828
203 905
203 928
203 1031
203 1088
203 1123
203 1157
203 1380
203 1512
203 1513
203 1514
203 1515
203 1516
204 207
204 455
204 828
204 905
204 1088
204 1123
204 1515
204 1516
204 1517
205 207
205 290
205 727
205 733
206 207
206 287
206 289
206 290
206 847
206 1518
207 535
207 536
207 828
207 1123
207 1281
207 1305
207 1515
207 1519
207 1520
207 1521
208 240
208 261
208 264
208 286
208 367
208 381
208 439
208 466
208 504
208 550
208 784
208 959
208 991
209 341
209 632
209 775
209 776
209 907
209 908
209 909
209 924
209 1084
209 1214
209 1221
209 1261
209 1280
209 1293
209 1315
209 1322
209 1522
209 1523
210 246
210 268
210 342
210 407
210 436
210 477
210 674
210 697
210 760
210 857
210 947
210 1223
210 1255
210 1311
211 213
211 373
211 375
211 888
212 221
212 436
213 221
213 257
213 373
213 407
213 436
213 542
213 671
213 886
213 1214
213 1223
213 1264
213 1524
213 1525
213 1526
213 1527
214 373
214 436
214 608
214 1223
214 1311
215 268
215 373
215 888
215 1240
216 445
216 446
216 631
217 373
217 407
217 888
217 1065
218 509
218 510
218 745
218 813
219 221
219 268
220 650
220 745
221 237
221 257
221 268
221 361
221 373
221 374
221 375
221 376
221 407
221 542
221 666
221 671
221 672
221 776
221 832
221 888
221 889
221 1002
221 1004
221 1012
221 1048
221 1076
221 1127
221 1148
221 1176
221 1177
221 1223
221 1311
221 1411
221 1413
221 1528
221 1529
221 1530
221 1531
221 1532
222 240
222 265
222 412
222 413
222 438
222 558
222 692
222 744
222 808
222 809
222 894
222 1399
222 1533
223 224
223 225
223 226
223 227
223 228
223 229
223 230
223 231
223 232
223 233
223 234
223 235
223 236
223 237
223 238
223 239
223 742
223 1534
224 235
224 311
224 538
224 739
224 869
224 1434
225 235
225 984
226 230
226 233
226 234
226 538
227 235
227 237
227 742
229 230
229 235
229 742
229 984
229 1312
230 232
230 233
230 235
230 236
230 237
230 311
230 742
230 869
230 984
230 1535
231 742
232 235
232 237
232 418
232 420
232 424
232 525
232 530
232 538
232 666
232 739
232 742
232 868
232 869
232 984
232 1434
233 234
233 235
233 236
233 538
233 742
233 869
233 984
234 235
234 237
234 245
234 311
234 538
234 869
234 984
235 237
235 238
235 239
235 312
235 314
235 984
236 538
236 984
237 240
237 407
237 443
237 485
237 504
237 538
237 628
237 741
237 742
237 984
237 1536
238 538
238 742
238 984
239 742
239 984
240 241
240 242
240 243
240 244
240 245
240 246
240 247
240 248
240 249
240 250
240 1136
240 1537
241 265
241 810
242 273
243 248
243 265
243 267
243 268
243 435
243 450
243 478
243 738
243 1312
243 1364
243 1538
243 1539
244 264
244 270
244 473
244 475
244 585
244 635
244 640
244 664
244 668
244 781
244 782
244 784
244 875
244 1085
245 342
245 497
245 699
245 700
245 701
245 702
245 703
245 704
245 978
245 990
245 1540
246 267
246 302
246 632
246 1110
246 1541
246 1542
247 989
248 265
248 267
248 268
248 310
248 653
248 1538
248 1539
248 1543
249 513
249 960
249 988
249 1143
250 257
250 315
250 362
250 423
250 478
250 492
250 496
250 542
250 637
250 754
250 769
250 772
250 782
250 809
250 850
250 914
250 935
250 988
250 1144
250 1205
250 1214
250 1261
250 1363
250 1421
250 1544
250 1545
250 1546
251 252
251 253
251 254
251 255
251 256
251 257
251 258
251 259
251 260
251 261
251 395
251 696
252 253
252 254
252 255
252 256
252 258
252 259
252 260
252 261
252 395
252 441
252 696
252 860
252 1073
252 1547
253 254
253 256
253 257
253 258
253 259
253 260
253 261
253 274
253 395
253 441
253 696
254 255
254 256
254 257
254 258
254 259
254 260
254 261
254 262
254 274
254 395
254 441
254 696
255 256
255 258
255 259
255 260
255 395
255 441
255 696
255 748
256 257
256 258
256 259
256 260
256 261
256 395
256 441
256 694
256 696
256 748
257 258
257 259
257 260
257 375
257 395
257 412
257 413
257 441
257 536
257 608
257 672
257 696
257 748
257 835
257 891
257 986
257 999
257 1000
257 1007
257 1014
257 1020
257 1042
257 1043
257 1044
257 1528
257 1548
257 1549
257 1550
257 1551
257 1552
257 1553
258 259
258 260
258 261
258 274
258 395
258 696
258 1554
259 260
259 261
259 274
259 395
259 441
259 694
259 695
259 696
260 261
260 441
260 696
260 748
261 273
261 274
261 321
261 395
261 441
261 582
261 738
261 788
261 1360
262 268
263 309
263 414
263 431
263 516
263 887
263 1555
264 265
264 266
264 267
264 268
264 269
264 270
264 464
265 267
265 268
265 271
265 272
265 517
265 764
265 1136
265 1556
265 1557
266 335
266 455
266 473
266 669
266 738
266 804
266 822
266 1205
266 1282
267 268
267 275
267 608
267 760
267 764
267 857
267 879
267 965
267 1136
267 1181
267 1558
268 274
268 275
268 310
268 359
268 373
268 442
268 447
268 473
268 507
268 607
268 641
268 738
268 757
268 760
268 764
268 814
268 831
268 871
268 879
268 888
268 917
268 1014
268 1025
268 1055
268 1099
268 1136
268 1163
268 1166
268 1179
268 1181
268 1239
268 1246
268 1269
268 1364
268 1557
268 1559
268 1560
268 1561
268 1562
269 270
269 473
269 490
269 664
269 668
269 784
270 455
270 473
270 474
270 475
270 488
270 489
270 490
270 491
270 545
270 664
270 668
270 784
270 1563
270 1564
270 1565
271 1268
272 744
272 745
272 894
272 1399
273 274
273 275
273 1360
274 1360
275 380
275 663
275 814
275 839
275 840
275 896
276 998
276 1129
276 1547
277 281
277 1206
278 281
278 432
278 526
278 600
278 763
278 915
279 281
279 359
279 432
279 915
280 281
281 363
281 600
281 1482
282 283
282 608
282 984
282 1054
282 1214
282 1236
282 1261
282 1286
282 1314
282 1322
282 1566
282 1567
283 757
283 892
283 984
283 1227
283 1242
283 1286
283 1307
283 1315
283 1566
284 285
284 1568
284 1569
285 373
286 287
286 288
286 289
286 290
286 464
286 656
286 744
286 949
286 997
286 1019
286 1110
286 1114
286 1214
286 1245
286 1261
286 1318
286 1398
286 1566
286 1570
286 1571
286 1572
286 1573
287 290
288 601
288 753
288 875
288 972
289 290
290 422
290 847
290 961
290 1518
290 1574
290 1575
290 1576
290 1577
291 292
291 293
291 294
291 295
291 296
291 297
291 298
291 299
291 328
291 826
291 1578
292 293
292 294
292 295
292 297
292 298
292 299
292 328
292 329
292 545
292 826
292 1579
293 297
293 328
293 826
294 297
294 328
294 826
295 297
295 328
295 653
295 826
295 1307
296 297
296 328
296 826
297 298
297 299
297 328
297 329
297 344
297 502
297 653
297 826
298 328
298 653
298 826
299 328
299 545
299 826
300 435
301 302
301 303
301 304
301 305
301 306
301 1580
302 303
302 304
302 716
302 1278
302 1581
302 1582
302 1583
303 304
303 471
303 521
303 675
303 716
303 776
303 783
303 1004
303 1015
303 1056
303 1070
303 1198
303 1235
303 1291
303 1581
303 1582
304 471
304 699
304 716
304 783
304 846
304 1084
304 1128
304 1235
304 1278
304 1584
304 1585
305 656
305 1072
305 1222
305 1586
306 337
306 473
306 988
306 1479
307 308
307 309
307 359
307 447
307 1239
307 1255
307 1256
307 1587
308 1031
308 1083
308 1588
309 558
309 993
310 1538
310 1539
310 1543
310 1589
311 312
311 313
311 314
311 315
311 316
311 317
311 538
311 739
311 869
312 495
312 538
312 739
312 868
312 869
312 984
312 1434
313 538
313 742
313 753
313 868
313 869
314 739
314 868
314 869
315 503
315 506
315 739
315 846
315 869
315 906
315 931
315 1000
315 1074
315 1126
315 1178
315 1590
316 538
316 739
316 742
316 868
316 869
316 1434
317 420
317 538
317 539
317 666
317 739
317 742
317 868
317 869
317 1307
318 319
318 320
318 321
318 542
318 601
318 1080
318 1261
318 1348
319 321
319 506
319 754
319 864
319 1080
319 1251
319 1399
319 1591
319 1592
320 364
320 1064
320 1080
320 1248
321 367
321 370
321 378
321 652
321 664
321 757
321 1343
322 323
322 436
322 509
322 608
322 643
322 1070
322 1123
322 1143
322 1165
322 1181
322 1214
322 1261
322 1295
322 1322
323 477
324 325
324 326
324 327
324 523
324 528
324 608
324 671
325 608
326 608
327 608
328 329
328 487
328 653
328 826
328 1579
329 487
329 826
330 331
330 332
330 333
331 447
331 635
331 1056
331 1129
331 1235
331 1517
331 1593
332 1594
333 472
333 534
333 631
333 635
333 636
333 637
333 638
333 644
333 668
333 772
333 789
333 1004
333 1031
333 1297
334 335
334 336
335 455
335 473
335 479
335 489
335 581
335 668
335 669
335 738
335 792
335 793
335 794
335 804
335 822
335 1165
335 1299
335 1595
335 1596
335 1597
335 1598
335 1599
335 1600
336 455
336 791
336 792
336 793
336 794
336 795
336 822
336 985
336 1222
336 1601
336 1602
337 473
337 1479
338 423
338 492
339 340
339 341
339 342
339 343
340 1603
341 382
341 402
341 447
341 486
341 492
341 496
341 518
341 543
341 652
341 772
341 809
341 810
341 864
341 906
341 934
341 950
342 436
342 447
342 470
342 471
342 630
342 667
342 673
342 704
342 719
342 721
342 722
342 727
342 728
342 746
342 747
342 954
342 990
342 1251
342 1273
342 1604
342 1605
342 1606
342 1607
342 1608
343 1205
344 345
344 346
344 351
344 504
344 598
344 826
344 1500
345 807
345 849
345 1132
346 849
347 348
347 349
347 450
347 608
347 656
347 1399
347 1609
348 450
348 628
348 861
349 516
350 1610
350 1611
350 1612
350 1613
350 1614
350 1615
351 352
351 353
351 354
351 355
351 356
351 357
351 358
351 359
351 360
351 361
351 362
351 363
351 364
351 365
351 366
351 492
351 504
351 608
351 744
351 749
351 972
351 1240
351 1353
351 1604
351 1616
352 357
352 450
352 972
353 504
353 1210
354 504
355 504
356 362
356 504
356 745
356 764
357 365
357 407
357 442
357 461
357 608
357 749
357 972
357 1103
357 1196
357 1368
357 1369
357 1604
358 504
359 360
359 362
359 407
359 447
359 493
359 504
359 507
359 508
359 764
359 1223
359 1240
359 1257
359 1279
359 1311
359 1416
359 1432
359 1617
360 504
360 860
360 1025
360 1073
360 1122
360 1318
361 362
361 502
361 504
361 759
361 764
361 1618
362 366
362 376
362 422
362 500
362 501
362 502
362 503
362 504
362 505
362 506
362 621
362 758
362 860
362 1008
362 1031
362 1103
362 1122
362 1181
362 1184
362 1207
362 1367
362 1619
362 1620
362 1621
363 378
363 447
363 457
363 496
363 518
363 543
363 653
363 674
363 714
363 922
363 935
364 504
364 1010
364 1018
364 1622
365 608
365 972
366 504
367 368
367 369
367 370
367 371
367 372
367 857
367 1623
368 370
369 370
370 371
370 372
370 387
370 388
370 857
371 460
371 857
372 407
372 857
372 882
372 1299
373 374
373 375
373 376
373 385
373 386
373 405
373 406
373 407
373 500
373 509
373 542
373 671
373 672
373 888
373 1028
373 1029
373 1247
373 1264
373 1311
373 1405
373 1411
373 1413
373 1548
373 1624
374 407
374 666
374 671
374 810
374 888
374 1065
374 1279
375 542
375 608
375 888
375 1264
376 671
376 757
377 423
377 744
377 1218
377 1625
377 1626
378 1261
378 1627
378 1628
379 380
379 504
379 689
379 1629
379 1630
380 689
380 690
380 696
380 837
380 838
380 1631
380 1632
380 1633
380 1634
380 1635
381 382
381 383
381 384
381 1636
382 383
382 384
382 385
382 386
383 818
384 434
385 671
385 747
385 888
385 1240
386 1136
386 1257
387 558
387 574
387 968
387 1637
388 436
388 664
388 857
388 1299
389 796
389 797
389 802
389 917
389 1015
389 1091
389 1093
389 1140
389 1161
389 1202
389 1512
389 1638
390 391
390 392
390 393
390 1639
390 1640
390 1641
392 948
392 1304
393 931
394 413
395 396
395 441
395 696
395 1642
395 1643
396 671
397 398
397 399
397 427
397 464
397 515
397 713
397 1046
397 1081
397 1101
397 1151
397 1167
397 1192
397 1193
397 1194
397 1195
397 1261
397 1522
397 1644
397 1645
397 1646
398 399
398 910
398 1647
400 401
401 414
401 987
401 1261
402 403
402 404
402 1648
403 455
403 466
403 467
403 469
403 471
403 699
403 766
403 767
403 818
403 821
403 823
403 1185
403 1375
404 518
405 406
405 407
405 408
405 492
405 1307
406 407
406 542
406 666
406 888
406 1240
406 1257
407 442
407 444
407 473
407 502
407 504
407 507
407 634
407 641
407 698
407 757
407 758
407 808
407 835
407 1025
407 1055
407 1103
407 1172
407 1184
407 1224
407 1255
407 1258
407 1649
407 1650
407 1651
407 1652
407 1653
407 1654
407 1655
408 420
408 600
408 601
408 626
408 628
408 959
409 410
409 411
409 412
409 413
409 414
409 415
409 416
409 417
409 487
410 457
410 475
410 640
410 674
410 906
410 947
410 993
411 413
411 414
411 415
411 416
411 455
411 644
411 984
411 1185
411 1214
411 1293
411 1324
411 1336
411 1656
412 413
412 414
412 415
412 416
412 487
412 895
412 959
412 1136
413 414
413 416
413 417
413 634
413 1136
413 1472
414 415
414 416
414 417
414 426
414 487
414 608
414 708
414 774
414 864
414 923
414 941
414 1002
414 1046
414 1067
414 1069
414 1136
414 1231
414 1327
414 1335
414 1483
414 1486
414 1657
414 1658
414 1659
414 1660
414 1661
415 416
415 417
415 448
415 487
415 736
415 771
415 941
415 1036
415 1066
415 1119
415 1136
415 1662
415 1663
416 417
416 487
416 831
416 878
417 487
417 850
417 1136
418 419
418 420
418 421
418 422
418 423
418 424
418 1664
419 420
419 424
419 530
419 629
419 666
419 739
419 742
419 869
419 1108
419 1665
420 423
420 424
420 524
420 527
420 531
420 538
420 598
420 606
420 609
420 612
420 614
420 618
420 620
420 623
420 739
420 740
420 742
420 868
420 869
420 1666
421 666
421 742
422 504
422 666
422 764
423 424
423 465
423 482
423 515
423 525
423 530
423 538
423 556
423 632
423 713
423 739
423 740
423 742
423 831
423 868
423 869
423 919
423 1000
423 1007
423 1017
423 1018
423 1081
423 1082
423 1083
423 1101
423 1102
423 1162
423 1167
423 1168
423 1169
423 1170
423 1171
423 1172
423 1354
423 1434
423 1471
423 1472
423 1645
423 1667
423 1668
423 1669
423 1670
423 1671
424 525
424 530
424 532
424 538
424 666
424 739
424 740
424 742
424 869
424 1094
424 1434
425 543
425 769
425 772
425 846
425 864
426 864
427 428
427 429
427 430
427 945
427 1022
427 1037
427 1038
427 1039
427 1040
427 1315
427 1672
428 1293
429 1040
429 1226
429 1408
429 1454
430 1022
430 1125
433 776
433 1027
433 1090
433 1137
433 1232
435 1673
435 1674
435 1675
436 437
436 448
436 477
436 485
436 634
436 758
436 855
436 876
436 1032
436 1074
436 1075
436 1076
436 1077
436 1078
436 1079
436 1437
436 1676
436 1677
436 1678
436 1679
436 1680
436 1681
437 1331
438 439
438 440
438 447
438 466
438 552
438 1223
439 440
439 466
439 1048
439 1682
440 466
441 442
441 443
441 444
441 504
441 753
442 542
442 550
442 671
442 760
442 1181
442 1223
442 1240
442 1279
442 1282
442 1311
442 1683
443 666
443 886
444 504
444 513
445 631
446 631
447 448
447 449
447 450
447 451
447 452
447 453
447 454
447 455
447 456
447 608
447 640
447 738
447 747
447 822
447 1136
447 1238
447 1261
447 1262
447 1311
447 1317
447 1660
447 1684
447 1685
447 1686
447 1687
447 1688
447 1689
447 1690
447 1691
447 1692
447 1693
447 1694
447 1695
448 653
448 1088
448 1313
448 1453
449 598
450 466
450 473
450 738
450 1103
450 1346
450 1364
450 1380
450 1696
451 487
451 513
451 949
451 1697
452 1143
453 781
453 784
454 716
454 809
455 458
455 479
455 482
455 493
455 546
455 669
455 675
455 765
455 771
455 776
455 781
455 791
455 792
455 793
455 794
455 795
455 804
455 805
455 822
455 1007
455 1016
455 1034
455 1035
455 1045
455 1046
455 1047
455 1048
455 1049
455 1050
455 1051
455 1052
455 1053
455 1054
455 1055
455 1056
455 1057
455 1363
455 1595
455 1596
455 1598
455 1602
455 1698
455 1699
455 1700
455 1701
455 1702
455 1703
456 946
456 1099
457 458
457 459
457 1344
458 523
458 527
458 528
458 530
458 543
458 988
459 671
459 769
459 989
460 1287
460 1704
461 462
461 492
461 1705
461 1706
461 1707
462 608
462 892
462 960
462 1054
462 1261
462 1322
462 1399
463 464
464 1257
464 1372
465 1302
466 467
466 468
466 469
466 470
466 471
466 472
466 1375
467 468
467 469
467 470
467 471
467 472
467 493
467 516
467 699
467 722
467 725
467 766
467 767
467 815
467 817
467 818
467 823
467 988
467 1295
467 1307
468 469
468 471
468 493
468 718
468 722
468 723
468 766
468 767
468 769
468 818
468 821
468 823
468 935
468 1088
468 1222
468 1287
468 1307
468 1309
468 1375
468 1708
469 470
469 471
469 472
469 493
469 527
469 534
469 699
469 766
469 767
469 815
469 817
469 818
469 819
469 821
469 823
469 1143
469 1185
469 1242
469 1248
469 1304
469 1375
470 471
470 585
470 818
470 823
470 934
470 935
470 1348
470 1375
471 472
471 699
471 750
471 766
471 767
471 769
471 772
471 774
471 815
471 816
471 817
471 818
471 821
471 823
471 935
471 987
471 1017
471 1023
471 1093
471 1094
471 1161
471 1185
471 1242
471 1248
471 1265
471 1278
471 1293
471 1348
471 1375
471 1421
471 1709
472 699
472 766
472 767
472 818
472 821
472 823
472 1098
472 1375
473 474
473 475
473 476
473 477
473 478
473 479
473 480
473 640
473 747
473 1019
473 1114
473 1282
473 1399
473 1432
473 1504
473 1545
473 1566
473 1572
474 781
475 585
475 668
475 781
475 784
475 1710
476 668
476 784
476 1097
477 480
477 630
477 658
477 659
477 738
477 787
477 984
477 1143
477 1378
477 1463
477 1477
477 1614
477 1711
477 1712
477 1713
478 479
478 781
478 1004
478 1714
479 669
479 738
479 804
479 1282
480 585
480 738
480 1080
481 656
481 1411
482 656
482 744
482 930
482 974
482 1240
482 1431
483 484
483 1715
483 1716
483 1717
483 1718
483 1719
483 1720
484 1132
485 608
485 656
485 1185
485 1242
485 1269
485 1349
485 1721
485 1722
485 1723
485 1724
486 549
487 1725
487 1726
488 668
489 631
489 635
489 664
489 668
489 784
490 664
490 668
490 784
490 911
491 668
492 493
492 518
492 751
492 817
492 843
492 941
492 999
492 1035
492 1067
492 1082
492 1100
492 1111
492 1112
492 1113
492 1327
492 1335
492 1338
492 1369
492 1380
492 1483
492 1484
492 1485
492 1486
492 1517
492 1658
492 1659
492 1727
492 1728
492 1729
492 1730
492 1731
492 1732
493 518
493 699
493 719
493 749
493 766
493 767
493 769
493 809
493 818
493 821
493 823
493 864
493 1054
493 1222
495 496
495 497
495 735
495 761
495 763
495 818
495 1185
495 1214
495 1264
495 1419
495 1733
496 497
496 1054
496 1733
497 978
497 1054
497 1616
498 499
499 940
499 941
500 504
500 1240
501 504
501 506
501 764
502 504
502 666
502 671
502 761
502 764
502 826
502 1240
502 1257
503 504
503 757
503 761
503 764
503 1048
503 1260
503 1734
504 505
504 506
504 507
504 512
504 513
504 514
504 651
504 663
504 718
504 721
504 728
504 759
504 760
504 761
504 762
504 763
504 764
504 1367
504 1380
504 1735
504 1736
504 1737
504 1738
505 747
505 764
505 948
506 521
506 650
506 670
506 738
506 764
506 856
506 1023
506 1029
506 1082
506 1739
506 1740
507 931
508 564
508 919
508 935
508 962
508 966
509 510
509 984
509 1214
509 1240
509 1262
509 1285
509 1424
510 1183
511 764
512 1320
513 1145
514 764
515 523
515 1054
515 1647
516 517
516 652
516 705
516 861
516 937
516 944
516 1002
516 1028
516 1054
516 1075
516 1140
516 1161
516 1658
516 1741
516 1742
516 1743
516 1744
516 1745
517 861
517 931
517 1746
517 1747
517 1748
517 1749
517 1750
518 519
518 520
518 521
518 1751
518 1752
519 906
519 1185
519 1222
519 1248
519 1296
520 543
520 640
520 906
521 543
521 906
521 1185
523 524
523 525
523 526
523 527
523 528
523 529
523 530
523 1753
524 530
524 742
525 527
525 528
526 527
526 528
526 530
526 869
526 919
526 931
527 528
527 530
527 742
527 1307
527 1754
528 530
528 1001
528 1157
529 753
530 531
530 532
530 1754
531 538
531 869
532 739
533 534
533 988
533 1755
534 564
534 877
535 536
536 1280
536 1302
537 538
537 539
537 649
537 868
538 540
538 541
538 741
538 1756
538 1757
539 540
539 541
539 649
539 868
539 869
540 649
541 649
541 764
541 869
542 543
542 544
542 671
542 888
542 1758
543 707
543 843
543 844
543 864
543 870
543 1454
543 1759
543 1760
544 826
544 1341
545 546
545 547
545 1295
545 1761
546 1431
547 1295
547 1761
548 1136
548 1762
549 550
549 551
549 1763
550 551
550 1070
551 757
552 553
552 919
552 1240
553 810
553 894
553 1324
554 555
555 1240
557 1764
557 1765
558 559
558 560
558 561
558 562
558 563
558 564
558 565
558 566
558 567
558 568
558 569
558 570
558 571
558 572
558 573
558 574
558 575
558 576
558 577
558 578
558 1766
559 564
559 574
559 728
559 864
559 1637
559 1767
560 574
560 1637
561 564
561 574
561 885
561 1320
561 1637
562 574
562 1637
562 1768
563 564
563 574
563 1637
564 566
564 567
564 568
564 569
564 570
564 571
564 573
564 574
564 575
564 576
564 577
564 578
564 579
564 580
564 581
564 582
564 1326
564 1637
564 1769
565 574
565 1637
566 574
566 1637
567 574
567 849
567 901
567 1637
567 1770
567 1771
568 574
568 1637
569 574
569 1023
569 1637
570 574
570 628
570 782
570 885
570 1637
571 574
571 1637
572 574
572 1637
573 574
573 885
573 1637
574 575
574 576
574 577
574 578
574 579
574 580
574 582
574 802
574 882
574 885
574 1772
575 1637
576 1637
577 1434
577 1637
578 1637
579 582
579 629
579 782
579 882
579 902
580 1637
581 993
582 585
582 629
582 782
582 790
582 882
582 900
582 901
582 902
582 904
582 924
582 1446
582 1448
582 1449
582 1773
582 1774
583 584
583 772
583 1013
583 1775
585 629
585 713
585 782
586 587
586 588
586 589
586 590
586 591
586 592
586 593
586 594
586 595
586 596
586 597
586 598
586 599
586 1776
586 1777
586 1778
586 1779
586 1780
586 1781
586 1782
586 1783
587 596
587 598
588 596
588 598
589 596
589 598
589 955
590 596
590 598
591 598
592 598
593 596
593 598
594 596
594 598
595 596
595 598
596 597
596 598
596 1403
596 1780
596 1781
596 1782
596 1783
597 598
598 599
598 630
598 1402
598 1403
598 1404
598 1649
598 1779
598 1780
598 1781
598 1782
598 1784
598 1785
598 1786
598 1787
599 995
600 601
600 602
600 603
600 604
600 605
600 606
600 607
600 608
600 609
600 610
600 611
600 612
600 613
600 614
600 615
600 616
600 617
600 618
600 662
600 1788
600 1789
601 606
601 609
601 610
601 612
601 614
601 615
601 619
601 620
601 621
601 622
601 623
601 624
601 625
601 1790
602 628
603 626
603 628
604 628
605 628
606 626
606 628
606 676
607 626
607 628
607 676
608 746
608 749
608 752
608 765
608 822
608 833
608 839
608 855
608 857
608 859
608 962
608 969
608 972
608 989
608 1000
608 1001
608 1002
608 1003
608 1004
608 1005
608 1006
608 1007
608 1008
608 1009
608 1010
608 1011
608 1012
608 1013
608 1014
608 1015
608 1016
608 1017
608 1018
608 1791
608 1792
608 1793
608 1794
608 1795
608 1796
609 628
610 626
610 628
611 1637
612 626
612 628
613 628
613 676
614 626
614 676
614 935
615 895
616 1257
617 628
618 628
619 628
620 626
620 628
620 676
621 628
622 875
622 878
622 972
623 628
623 676
624 836
625 628
626 627
627 628
628 629
628 1797
628 1798
628 1799
628 1800
628 1801
628 1802
629 632
629 782
629 860
629 880
629 897
629 898
629 900
629 901
629 902
629 924
629 950
629 1069
629 1073
629 1122
629 1447
629 1803
630 648
630 892
630 1172
630 1225
630 1433
630 1651
630 1804
631 632
631 633
631 634
631 635
631 1282
632 1244
632 1261
633 735
634 713
634 735
634 763
634 863
634 914
634 919
634 935
634 949
634 984
634 1123
634 1185
634 1214
634 1242
634 1261
634 1315
634 1376
634 1805
635 636
635 637
635 638
635 639
635 640
635 641
635 642
635 643
635 644
635 645
635 646
635 1806
636 1136
636 1282
637 776
637 809
637 1004
637 1007
637 1094
638 772
638 1293
638 1807
639 640
639 789
640 688
640 703
640 765
640 1048
640 1053
640 1128
640 1274
640 1644
640 1711
640 1808
640 1809
640 1810
641 644
641 1136
641 1279
641 1311
641 1811
642 1103
642 1118
643 789
643 1002
643 1075
643 1078
643 1082
643 1202
643 1213
643 1234
643 1812
644 1087
644 1103
645 957
646 860
646 1122
648 931
649 869
650 1813
652 654
652 656
652 657
652 787
652 1814
653 654
653 655
653 656
653 787
653 931
653 1222
653 1304
654 656
654 657
655 656
656 657
656 678
656 790
656 991
656 1017
656 1030
656 1080
656 1081
656 1082
656 1083
656 1084
656 1106
656 1159
656 1815
656 1816
656 1817
657 809
657 1814
657 1818
658 947
659 752
659 787
659 947
660 661
661 809
661 1206
662 663
663 671
664 665
664 849
664 1819
664 1820
664 1821
665 1504
666 667
666 1311
667 959
668 669
668 1822
669 792
669 793
669 804
669 1595
669 1596
669 1597
669 1598
669 1599
670 856
670 1127
670 1823
671 673
671 888
671 976
671 1519
672 757
672 1415
673 888
673 1164
674 675
674 1824
675 1088
675 1110
675 1185
675 1188
675 1242
675 1278
675 1293
675 1318
675 1336
675 1363
676 677
676 679
676 1825
676 1826
676 1827
677 679
677 1827
680 681
680 682
680 683
680 684
680 685
681 685
682 685
683 685
684 685
686 687
686 688
686 832
687 1408
688 729
688 754
688 828
688 851
689 690
689 691
689 692
689 1828
689 1829
690 837
690 838
690 1213
690 1240
690 1633
690 1830
691 1292
691 1829
691 1831
692 744
692 745
692 894
692 1363
692 1399
693 1832
693 1833
693 1834
694 696
695 829
695 1835
697 698
698 947
698 1660
699 767
699 818
699 821
699 823
699 935
699 1185
699 1375
700 978
701 857
701 1222
702 955
702 963
703 978
703 988
704 978
704 1117
705 706
706 1143
707 708
707 709
707 710
707 711
707 712
707 903
707 1836
708 709
708 710
708 712
709 711
710 711
711 712
711 1704
711 1837
712 1838
714 1143
714 1263
716 717
716 1450
716 1451
716 1581
717 1281
718 719
718 725
718 728
718 767
719 721
719 722
719 723
719 725
719 726
719 728
719 733
719 767
719 1839
720 725
720 767
720 818
721 725
721 728
721 767
722 725
722 728
722 767
722 818
722 821
723 728
723 767
724 725
724 728
724 767
724 818
725 726
725 727
725 728
725 767
725 818
725 820
725 988
725 1091
725 1267
725 1512
725 1840
726 728
726 767
726 988
727 728
727 1054
728 733
728 767
728 818
728 820
728 830
729 730
729 731
729 860
729 983
729 1073
729 1091
729 1122
729 1266
730 731
730 961
731 1281
731 1841
732 1842
733 852
734 998
734 1009
735 919
735 948
735 1007
735 1049
735 1067
735 1099
735 1202
735 1843
737 738
737 1236
737 1308
737 1844
738 1055
738 1103
738 1264
738 1317
738 1660
738 1845
739 740
739 1757
739 1846
740 742
740 869
741 742
741 869
741 984
742 1847
743 1037
744 816
744 919
744 999
744 1042
744 1102
744 1146
744 1162
744 1167
744 1168
744 1170
744 1171
744 1472
744 1488
744 1668
744 1848
745 808
745 894
745 1533
745 1849
745 1850
746 969
747 1103
749 750
749 751
749 1092
749 1293
749 1851
749 1852
749 1853
749 1854
750 774
750 941
750 1000
750 1085
750 1110
750 1178
750 1289
750 1855
750 1856
751 752
751 1312
752 1312
752 1857
753 754
753 755
753 1858
754 1166
754 1181
754 1590
755 875
757 758
757 860
757 1073
757 1122
757 1223
757 1257
757 1311
757 1517
757 1859
758 1454
760 1103
760 1138
760 1172
760 1224
760 1736
760 1860
760 1861
760 1862
761 832
761 1000
761 1015
761 1048
761 1863
762 764
763 773
763 973
763 1010
763 1082
763 1126
763 1161
763 1202
763 1276
763 1277
764 983
764 1025
764 1149
764 1150
764 1368
764 1864
764 1865
765 940
765 941
765 1110
765 1245
765 1261
765 1349
766 767
766 768
766 1173
766 1698
766 1866
766 1867
767 769
767 815
767 816
767 817
767 818
767 821
767 823
767 832
767 935
767 1143
767 1185
767 1375
768 1810
769 770
769 771
769 1004
769 1007
769 1032
769 1075
769 1078
769 1126
769 1140
769 1161
769 1234
769 1315
769 1868
769 1869
769 1870
770 906
771 917
771 1054
771 1089
771 1185
771 1303
771 1309
771 1324
772 773
772 774
772 775
772 776
772 944
773 783
773 935
773 988
773 1185
774 1021
774 1143
774 1222
774 1242
774 1295
774 1311
774 1545
774 1871
775 915
776 828
776 1143
776 1185
776 1214
776 1261
777 813
778 779
778 780
779 993
781 782
781 784
782 880
782 897
782 898
782 899
782 900
782 901
782 924
782 950
782 1381
782 1872
783 1032
783 1052
783 1082
783 1202
783 1278
783 1303
783 1363
783 1582
783 1663
783 1671
785 786
785 1217
786 913
786 1136
786 1570
787 859
787 919
787 921
787 1016
787 1151
787 1469
787 1803
787 1873
787 1874
787 1875
787 1876
787 1877
787 1878
787 1879
787 1880
787 1881
787 1882
788 1132
789 790
791 792
791 793
791 794
791 795
791 822
791 1601
792 796
792 799
792 804
793 796
793 798
793 799
793 804
793 1060
794 798
794 804
794 1060
795 804
795 981
795 1200
796 797
796 798
796 799
796 800
796 801
796 1060
796 1293
796 1646
796 1728
796 1883
797 798
797 799
798 799
798 800
798 802
798 803
798 1646
798 1728
799 800
799 801
799 802
799 1728
799 1884
800 981
801 1646
802 902
802 1060
802 1646
803 857
803 924
803 1311
804 1595
804 1596
805 1245
806 849
807 849
808 1181
809 895
809 896
809 1181
809 1885
809 1886
810 811
810 812
810 1887
811 1888
812 1888
813 814
813 1624
813 1645
813 1889
814 959
815 818
815 823
815 1084
815 1185
815 1217
815 1375
816 1375
817 818
817 821
817 823
817 1098
817 1244
817 1375
818 819
818 820
818 821
818 823
818 825
818 1105
818 1161
818 1185
818 1248
818 1303
818 1348
818 1375
819 1375
820 1286
822 1320
822 1714
823 824
823 1185
823 1248
823 1375
824 977
825 1890
825 1891
825 1892
825 1893
826 827
827 1341
829 1835
829 1894
830 852
831 1261
831 1545
832 833
832 834
832 1895
832 1896
832 1897
832 1898
833 948
833 1026
833 1182
833 1223
833 1242
833 1261
833 1293
833 1378
833 1541
833 1899
834 1312
835 853
835 871
835 1031
835 1137
835 1138
835 1139
835 1140
835 1141
835 1900
835 1901
835 1902
836 947
837 838
837 1517
837 1903
837 1904
838 1497
838 1631
838 1633
839 1147
839 1248
839 1311
840 861
840 959
841 842
841 1905
841 1906
841 1907
841 1908
842 1905
842 1907
843 1292
844 1218
847 1108
849 1909
849 1910
850 998
850 1009
850 1911
850 1912
850 1913
851 852
851 853
851 1327
852 1148
852 1322
853 1136
854 988
854 1206
854 1221
854 1242
855 863
856 1914
856 1915
857 899
857 1023
857 1355
857 1903
857 1914
857 1916
858 871
859 969
860 913
860 1121
860 1135
860 1143
860 1180
860 1204
860 1228
860 1284
860 1304
860 1336
860 1452
860 1463
860 1917
861 862
861 863
861 944
861 1742
861 1918
861 1919
862 1009
863 1023
863 1235
863 1920
864 988
864 1292
865 866
865 867
866 943
867 935
867 943
868 869
869 1435
869 1756
870 871
870 872
870 873
870 874
870 1050
870 1089
870 1109
870 1191
870 1287
870 1921
870 1922
870 1923
871 872
871 873
871 874
871 1000
871 1030
871 1287
871 1921
871 1924
871 1925
872 874
872 1073
872 1148
873 988
874 1477
875 972
875 1926
875 1927
875 1928
875 1929
876 1930
878 1931
879 1932
880 901
880 902
881 882
881 1322
882 883
882 902
882 1029
882 1449
883 1299
884 902
885 1123
886 988
886 1121
886 1933
886 1934
886 1935
886 1936
886 1937
887 1938
888 889
888 1181
888 1240
889 1065
889 1223
890 948
891 948
891 1143
892 1056
892 1131
892 1939
893 1123
893 1188
893 1255
894 1940
895 1941
895 1942
896 1080
897 901
898 901
898 924
899 901
900 901
900 902
901 902
901 1773
902 903
903 921
903 1116
903 1117
903 1305
903 1943
904 1311
905 1944
906 1945
907 908
907 1946
908 1214
909 1304
910 979
911 912
911 1947
911 1948
911 1949
912 1280
913 1320
914 1161
915 1950
916 917
916 918
916 1072
916 1123
917 918
917 1072
917 1123
917 1125
917 1951
918 945
918 1000
918 1072
918 1091
918 1093
918 1123
918 1125
918 1899
918 1952
918 1953
919 920
919 921
919 988
919 1022
919 1222
919 1312
919 1320
919 1346
919 1348
919 1863
919 1954
919 1955
919 1956
919 1957
919 1958
919 1959
919 1960
921 1173
922 923
923 1210
924 1961
925 1962
925 1963
926 1185
927 928
928 1709
931 932
931 933
931 934
931 1085
931 1206
931 1302
931 1406
931 1421
931 1463
931 1964
931 1965
931 1966
931 1967
931 1968
931 1969
932 1143
933 1217
933 1242
933 1281
934 1970
935 1054
935 1070
935 1248
935 1308
935 1971
936 937
936 938
936 939
936 1972
937 940
937 1206
937 1300
938 941
938 1214
938 1261
939 940
940 941
940 1973
941 988
941 1088
941 1293
942 1524
943 1974
943 1975
943 1976
944 945
946 1397
947 948
947 949
948 949
948 1018
948 1091
948 1097
948 1107
948 1108
948 1109
948 1110
948 1421
948 1810
948 1977
948 1978
948 1979
949 1076
949 1113
949 1220
949 1980
951 1095
952 953
952 1981
952 1982
953 1308
955 956
955 957
955 958
955 1109
955 1983
955 1984
956 957
957 958
957 1161
957 1188
957 1239
957 1397
957 1983
957 1985
958 1983
960 1002
960 1029
960 1107
960 1140
961 1306
963 1209
964 1123
967 1197
972 1368
972 1369
972 1432
974 1023
974 1331
974 1986
974 1987
974 1988
974 1989
976 1261
979 980
983 1248
983 1296
984 991
984 1073
984 1081
984 1110
984 1162
984 1163
985 1222
986 1240
987 988
987 1001
987 1003
987 1017
987 1031
988 989
988 998
988 1000
988 1010
988 1023
988 1030
988 1032
988 1035
988 1053
988 1064
988 1069
988 1077
988 1090
988 1091
988 1094
988 1122
988 1128
988 1203
988 1212
988 1213
988 1214
988 1215
988 1216
988 1217
988 1497
988 1843
988 1869
988 1980
988 1990
988 1991
988 1992
988 1993
988 1994
988 1995
988 1996
988 1997
988 1998
988 1999
991 1214
991 1261
993 994
993 2000
993 2001
993 2002
994 2003
996 1173
997 998
997 999
998 1164
998 1206
998 1223
998 1233
998 1293
998 1315
998 1320
998 1349
998 1363
999 1110
999 1269
999 1315
1000 1200
1000 1233
1000 1348
1000 1553
1000 2004
1001 1271
1001 1473
1002 1009
1002 1132
1002 1182
1002 1262
1002 1313
1002 2005
1003 1454
1004 1037
1004 1142
1004 1143
1004 1261
1004 1264
1004 1315
1004 2006
1005 1322
1006 1085
1007 1048
1007 1101
1007 1228
1007 1269
1007 1298
1007 1315
1007 1349
1007 1553
1007 1570
1007 1592
1007 2007
1007 2008
1008 1261
1008 1318
1008 1454
1008 2007
1009 1088
1009 1273
1009 1570
1009 2009
1010 1123
1010 1242
1010 1261
1010 1279
1010 1293
1010 1378
1010 1570
1010 2008
1011 1136
1012 1200
1012 1242
1013 1130
1013 1269
1013 1318
1013 1349
1013 1544
1013 1549
1013 2007
1014 1240
1014 1311
1015 1280
1015 1349
1015 2010
1016 1244
1016 1293
1017 1062
1017 1123
1017 1222
1017 1262
1018 1026
1018 1182
1018 1223
1018 1261
1018 1378
1018 1541
1018 1570
1018 1899
1019 1020
1019 1222
1020 1310
1020 1553
1021 1022
1021 1023
1021 1024
1021 1025
1022 1038
1022 1123
1022 1125
1022 1226
1023 1114
1023 1116
1023 1123
1023 1124
1023 1125
1023 1130
1023 1210
1023 1248
1023 1323
1023 1399
1024 1312
1025 1065
1025 1694
1026 1027
1026 1028
1026 1029
1026 2011
1027 2012
1028 1054
1028 1060
1028 1088
1028 1097
1028 1143
1028 2012
1029 1072
1029 1117
1029 1143
1029 1156
1029 1185
1029 1279
1029 1694
1029 1704
1029 1888
1029 2012
1030 1123
1030 1214
1030 1289
1030 1320
1031 1098
1031 1143
1031 1179
1031 1214
1031 1217
1031 1454
1032 1088
1032 1121
1032 1233
1032 1261
1032 1293
1032 1399
1033 1291
1034 1185
1035 1222
1036 1185
1036 1271
1036 1339
1036 1363
1037 2013
1038 1143
1039 1226
1040 1408
1041 1115
1041 1296
1041 1646
1042 1114
1042 1116
1042 1123
1042 1320
1043 1070
1044 1064
1044 1141
1045 1123
1046 1054
1047 1123
1048 1123
1048 1181
1048 1202
1048 1242
1048 1261
1048 1318
1048 2014
1049 1143
1049 1233
1050 1261
1050 1318
1050 1374
1050 2015
1051 1136
1052 1261
1052 1315
1053 1085
1053 1261
1054 1060
1054 1090
1054 1109
1054 1129
1054 1130
1054 1131
1054 1667
1054 2016
1054 2017
1054 2018
1054 2019
1054 2020
1055 1065
1055 1240
1055 1279
1055 1311
1056 1093
1056 1123
1056 1230
1056 1269
1056 1271
1056 1290
1056 1311
1056 1504
1057 1268
1058 1059
1058 1060
1058 1061
1058 1873
1059 1093
1059 1242
1060 1110
1060 1140
1060 1235
1060 2021
1060 2022
1060 2023
1060 2024
1061 1083
1061 1178
1061 2025
1061 2026
1062 1389
1062 2027
1063 1064
1064 1081
1064 2028
1064 2029
1064 2030
1064 2031
1065 1172
1065 1224
1065 1249
1065 1258
1066 1101
1066 1214
1066 1222
1066 1244
1066 1303
1066 1408
1066 2005
1067 1348
1068 1286
1069 1143
1069 1217
1069 1248
1069 1278
1069 1348
1070 1071
1071 1085
1071 1304
1071 1318
1072 1073
1072 1125
1072 2028
1073 1121
1073 1180
1073 1228
1073 1278
1073 1313
1073 1336
1073 1452
1073 1917
1074 1117
1074 1174
1074 1175
1074 1188
1074 1421
1074 1951
1075 1123
1075 1181
1075 1185
1075 1233
1075 1248
1075 1293
1076 1114
1076 1123
1076 1181
1076 1261
1076 1322
1076 1377
1076 1398
1076 1572
1076 1592
1077 1083
1077 1114
1077 1123
1077 1124
1077 1242
1077 1399
1078 1293
1078 1315
1079 1185
1080 1114
1080 1178
1080 1214
1080 1240
1080 1261
1080 1419
1080 1570
1080 1924
1080 2032
1081 1110
1081 1123
1081 1261
1082 1110
1082 1205
1082 1293
1082 1336
1082 1398
1082 1570
1082 1592
1083 1094
1083 1123
1083 1259
1083 1261
1083 1280
1083 1293
1083 1454
1083 2033
1084 1090
1084 1104
1084 1280
1084 1281
1085 1086
1085 1087
1085 1223
1085 1240
1085 1365
1085 2034
1085 2035
1086 1553
1087 1123
1087 1261
1087 1262
1087 1289
1087 1318
1087 1558
1087 1951
1088 1089
1088 1090
1088 1091
1088 1092
1088 1093
1088 1483
1088 2036
1088 2037
1089 1115
1089 1116
1089 1185
1089 1188
1089 1191
1089 1197
1089 1206
1089 1217
1089 1293
1089 1308
1089 1363
1090 1217
1090 1222
1090 1230
1090 1242
1090 1363
1091 1143
1091 1185
1091 1213
1091 1214
1091 1248
1091 1318
1091 1336
1091 1853
1092 1185
1093 1102
1093 1185
1093 1213
1093 1242
1093 1244
1093 1248
1093 2038
1093 2039
1093 2040
1094 1098
1094 1286
1094 1320
1094 1473
1094 1592
1094 1871
1095 1096
1095 1589
1096 1191
1097 1098
1097 1099
1097 2041
1098 1109
1098 1115
1098 2041
1098 2042
1099 1160
1099 1264
1099 2043
1100 2044
1101 1102
1102 1120
1102 2008
1103 1136
1103 1245
1103 1295
1103 1318
1103 1695
1104 1105
1104 1106
1105 1280
1106 2045
1107 1114
1107 1116
1107 1242
1107 1279
1107 1320
1108 1229
1108 2046
1109 1114
1109 1143
1109 1173
1109 1221
1109 1222
1109 1230
1109 1274
1109 1291
1109 1311
1109 1320
1109 1399
1109 1951
1109 2047
1110 1128
1110 1147
1110 1233
1110 1278
1110 1318
1110 1452
1110 1471
1110 2030
1110 2048
1110 2049
1111 1112
1111 1453
1111 2008
1112 1151
1112 1181
1112 1338
1112 1453
1112 2050
1112 2051
1113 1185
1113 1261
1114 1115
1114 1116
1115 1116
1115 1221
1115 1230
1115 1240
1115 1592
1115 1594
1115 1713
1115 2015
1115 2052
1115 2053
1115 2054
1115 2055
1115 2056
1115 2057
1116 1127
1116 1197
1116 1221
1116 1222
1116 1230
1116 1240
1116 1592
1116 2052
1116 2053
1116 2056
1117 1118
1117 2058
1118 1209
1118 1315
1119 1454
1120 2059
1121 1122
1121 2060
1121 2061
1121 2062
1122 1135
1122 1180
1122 1228
1122 1278
1122 1304
1122 1336
1122 1463
1123 1124
1123 1125
1123 1126
1123 1127
1123 1128
1123 1129
1123 1511
1123 1848
1123 1860
1123 2063
1123 2064
1123 2065
1123 2066
1123 2067
1123 2068
1124 1270
1125 1226
1125 1953
1126 1300
1127 1213
1128 1214
1128 1248
1128 1311
1128 1315
1128 1322
1129 1242
1129 1322
1130 2069
1131 1433
1132 1133
1132 1134
1132 1135
1132 2070
1132 2071
1132 2072
1133 1135
1134 1135
1135 1250
1135 1473
1135 2070
1135 2071
1135 2072
1136 2073
1136 2074
1136 2075
1137 1222
1138 1143
1138 1242
1138 1453
1138 2076
1139 1281
1139 2077
1140 1143
1140 1182
1140 1254
1140 2005
1141 2078
1142 1143
1143 1266
1143 1268
1143 1542
1143 1695
1143 2079
1143 2080
1143 2081
1143 2082
1143 2083
1144 1398
1144 1431
1144 2014
1145 1264
1146 1261
1147 1148
1148 1214
1148 1244
1148 1261
1148 1293
1148 1315
1148 1336
1149 1924
1150 1874
1151 1293
1152 1487
1152 2084
1153 1154
1153 1155
1153 2085
1154 1248
1155 1248
1156 1157
1156 1158
1156 1214
1156 2086
1157 1318
1158 1181
1159 2077
1160 1746
1161 1185
1161 1217
1161 1222
1161 1248
1161 1285
1161 1375
1161 2087
1162 1240
1162 1398
1163 1261
1164 1165
1164 2088
1165 1217
1165 1225
1165 1415
1165 2089
1166 1257
1166 1303
1167 1200
1168 1218
1169 1336
1170 1289
1170 1315
1170 1339
1171 1279
1172 1223
1172 1255
1172 1279
1172 1282
1173 2090
1173 2091
1174 1175
1174 2092
1175 1257
1175 1856
1175 1951
1176 1303
1177 1261
1178 1185
1179 1180
1179 2093
1180 1218
1180 1261
1181 1249
1182 2094
1183 1408
1184 1262
1185 1186
1185 1187
1185 1462
1185 1852
1185 1868
1185 2095
1185 2096
1185 2097
1186 1269
1186 1315
1186 1811
1187 1248
1188 1189
1188 1190
1188 1255
1189 1255
1190 1255
1191 2098
1191 2099
1192 1261
1193 1398
1194 2100
1195 2101
1196 1875
1196 2102
1197 2103
1198 1199
1198 1985
1199 1558
1199 2104
1200 1201
1200 2105
1201 1348
1202 1248
1202 1261
1202 1318
1203 1206
1203 1242
1203 1269
1203 1286
1204 1244
1205 2106
1206 1207
1206 2107
1206 2108
1207 1214
1208 1214
1208 1271
1208 1319
1209 2109
1209 2110
1210 1211
1210 1455
1211 1213
1212 1223
1212 1257
1213 1235
1213 2111
1213 2112
1213 2113
1214 1275
1214 1276
1214 1277
1214 1618
1214 1661
1214 2114
1214 2115
1214 2116
1214 2117
1215 1269
1216 1293
1216 2101
1217 1228
1217 1235
1217 1242
1217 2021
1218 1219
1218 1220
1218 2118
1219 1245
1220 1838
1221 1222
1221 2119
1221 2120
1221 2121
1222 1231
1222 1301
1222 2122
1222 2123
1222 2124
1222 2125
1222 2126
1222 2127
1223 1224
1223 1225
1223 1650
1223 2128
1224 1257
1224 1683
1225 1238
1225 1248
1225 1279
1225 1282
1225 1433
1225 1888
1226 1239
1227 2101
1228 2129
1229 2130
1230 1231
1231 2076
1232 1336
1233 1234
1233 1235
1233 2131
1234 1293
1235 1239
1235 1295
1235 1308
1235 1336
1235 1507
1235 2132
1236 1237
1236 2133
1237 1270
1238 1651
1239 2134
1240 1241
1240 1242
1240 2135
1240 2136
1240 2137
1241 1810
1242 1265
1242 1272
1242 1280
1242 1286
1242 1591
1242 2138
1242 2139
1243 1280
1243 1309
1244 2140
1245 1246
1245 1304
1245 2043
1245 2141
1245 2142
1246 1282
1246 1318
1247 2143
1248 1249
1248 1920
1248 2144
1248 2145
1248 2146
1248 2147
1249 1279
1249 1282
1250 2148
1250 2149
1251 2150
1252 1302
1252 1463
1253 1254
1253 2151
1254 2152
1255 2153
1255 2154
1256 1433
1257 1258
1258 1281
1259 2025
1260 1261
1261 2155
1261 2156
1261 2157
1261 2158
1261 2159
1261 2160
1261 2161
1262 2162
1262 2163
1262 2164
1263 2165
1264 1558
1264 2166
1264 2167
1265 1318
1265 1399
1266 1695
1267 2168
1268 2169
1269 1270
1269 1559
1270 2139
1271 1272
1272 2170
1273 1279
1273 1313
1273 2171
1274 2172
1275 1320
1276 1295
1277 2173
1278 2003
1279 2174
1279 2175
1280 1922
1280 2176
1281 2177
1282 1283
1282 2178
1283 1311
1284 1304
1285 2179
1286 2180
1287 1288
1287 1925
1288 2139
1289 1855
1289 2181
1290 1291
1290 2182
1291 2183
1292 2184
1293 1363
1293 2185
1293 2186
1294 1295
1294 1810
1295 2187
1296 1876
1297 1311
1298 2188
1299 2189
1299 2190
1299 2191
1300 2192
1300 2193
1301 1321
1302 2194
1303 2195
1304 2196
1305 2197
1306 2198
1306 2199
1307 2200
1307 2201
1308 2202
1309 2203
1309 2204
1310 2205
1311 2206
1311 2207
1312 2208
1312 2209
1313 2210
1314 2211
1315 1316
1315 2212
1316 1322
1317 2213
1317 2214
1318 2215
1319 2216
1320 2217
1320 2218
1320 2219
1321 2220
1321 2221
1322 2222
1323 2223
1324 2224
